No1_diameter[m]	No2_axial_load_ratio	No3_reinforcement_ratio	No4_initial_rebar_diameter[mm]	No5_initial_rebar_yield_strength[MPa]	No6_initial_hoop_yield_strength[MPa]	No7_initial_concrete_strength[MPa]	No8_ec_cover	No9_ecu_cover	No10_diffusion_coefficient[cm^2/s]	No11_Surface_chloride_cocentration[kg/m^3]	No12_Critical_chloride_concentration[kg/m^3]	No13_Corrosion_rate[mm^2/year]	No14_time[year]
1.5449	0.088914	0.017053	31.838	337.56	341.2	25.627	0.002121	0.0053025	34.844	3.5251	1.1213	0.1125	69.914
1.0765	0.092796	0.026641	33.259	349.73	365.01	47.789	0.0017356	0.004339	82.725	3.7996	0.60783	0.076687	17.711
1.7605	0.1075	0.022136	34.5	361.94	386.18	40.504	0.002221	0.0055525	114.81	3.2242	0.92909	0.12671	21.526
1.3196	0.11106	0.028169	27.692	356.15	334.43	38.809	0.0020286	0.0050715	170.49	5.5424	0.81145	0.17301	19.072
1.0319	0.10542	0.026716	26.848	408.56	300.94	31.856	0.0026832	0.0067079	71.575	1.9438	0.77618	0.12283	55.945
1.3348	0.092234	0.026648	28.12	387.38	369.51	32.718	0.0028653	0.0071632	86.136	2.5827	1.0529	0.09217	75.796
1.2902	0.08255	0.019249	28.077	400.74	328.28	24.092	0.0028917	0.0072292	111.78	4.9841	0.81151	0.10994	66.23
1.5347	0.064758	0.012682	29.959	432.25	337.59	44.03	0.001365	0.0034125	130.12	4.2309	0.65942	0.1197	71.078
1.4309	0.096302	0.023667	31.306	510.03	379.01	34.513	0.0025299	0.0063248	47.249	0.86227	0.7961	0.10454	54.517
1.7279	0.11162	0.011701	26.562	329.04	349.81	38.258	0.0022992	0.005748	153.96	5.5458	1.0674	0.11781	56.022
1.6582	0.090263	0.011206	33.928	353.41	350.61	45.826	0.0016662	0.0041656	123.02	3.7822	0.65879	0.091673	32.555
1.2306	0.092447	0.014606	30.371	477.36	352.96	33.364	0.0021348	0.005337	37.266	1.8858	1.1071	0.10618	5.7134
1.2428	0.11181	0.020462	29.669	522.42	391.58	30.454	0.0016672	0.0041681	84.257	1.5581	1.0636	0.091399	11.342
1.1263	0.099752	0.02835	32.212	368.52	383.65	44.777	0.0019274	0.0048185	42.095	5.8253	0.78432	0.081343	66.983
1.2873	0.071441	0.019103	30.391	421.16	346.85	37.462	0.002113	0.0052826	83.598	9.6243	0.71397	0.1082	88.184
1.0475	0.0825	0.025731	33.011	358.18	421.98	39.568	0.002285	0.0057124	13.033	2.0943	1.1556	0.12818	73.773
1.6063	0.10219	0.017583	26.562	461.17	311.66	39.777	0.0027617	0.0069042	113.58	6.0107	0.94124	0.10936	93.809
1.7974	0.081012	0.018185	27.92	417.16	331	36.813	0.0016181	0.0040452	33.229	1.8801	0.72402	0.11984	46.614
1.5598	0.10526	0.028461	34.973	426.03	367.83	29.076	0.0022843	0.0057107	42.04	1.9951	0.72041	0.12597	27.862
1.2513	0.092424	0.01497	31.6	407.66	360.71	40.229	0.0026431	0.0066078	14.168	2.6334	0.78965	0.053243	47.847
1.2728	0.10946	0.010969	28.378	423.26	319.8	26.858	0.0020852	0.005213	153.74	1.7437	1.1308	0.091365	88.56
1.6634	0.079741	0.029463	31.549	410.23	323.89	53.657	0.0017191	0.0042976	18.572	3.9624	1.032	0.087086	74.495
1.3622	0.10793	0.024175	31.4	519.89	268.98	27.925	0.0023606	0.0059014	26.611	1.8904	0.83318	0.097535	69.908
1.1585	0.10136	0.027576	35.615	407.1	354.63	48.815	0.0021373	0.0053432	89.952	3.3678	0.9155	0.15474	33.972
1.2188	0.09652	0.025825	28.393	477.64	357.67	31.085	0.0021984	0.0054961	20.367	4.2855	0.63782	0.17865	6.3241
1.3093	0.098867	0.02308	26.131	328.57	292.75	32.727	0.0017694	0.0044236	39.322	2.1017	0.63273	0.15722	63.759
1.4797	0.10049	0.012554	30.379	358.32	312.74	42.793	0.0018593	0.0046483	33.601	5.2194	0.86354	0.10249	93.703
1.2222	0.10349	0.018845	26.315	478.06	387.54	44.334	0.0026087	0.0065217	41.301	2.7399	0.93133	0.091298	77.081
1.0022	0.0867	0.010062	31.461	393.4	315.81	39.843	0.0017572	0.004393	27.647	1.745	0.61835	0.1689	89.779
1.6412	0.08782	0.02268	32.041	405.63	382.66	30.571	0.0017674	0.0044185	48.29	1.6719	1.004	0.10808	70.674
1.006	0.089005	0.023015	29.772	355.33	371.69	40.98	0.0016396	0.0040989	33.144	4.0948	1.0433	0.14345	10.403
1.1606	0.093827	0.013399	34.449	527.21	377.22	40.653	0.0016446	0.0041114	35.142	2.081	1.1651	0.10138	32.808
1.4266	0.11781	0.028459	33.393	457.77	346.7	41.359	0.002118	0.005295	26.328	4.1454	0.98266	0.099864	56.501
1.7009	0.11835	0.022618	27.244	417.37	384.1	45.241	0.0020718	0.0051794	50.618	1.3783	0.91259	0.18582	11.464
1.1655	0.11107	0.013153	31.586	398.38	403.43	43.489	0.0018904	0.004726	49.516	2.7138	0.8496	0.074604	22.539
1.7704	0.10848	0.021681	28.597	404.15	303.61	39.09	0.0020281	0.0050703	50.237	3.1464	0.75136	0.11895	54.832
1.4048	0.099697	0.023634	27.427	319.44	346.13	27.315	0.0025201	0.0063002	35.999	4.8806	0.89527	0.10969	17.359
1.0424	0.10193	0.028081	26.519	439.49	363.6	39.67	0.0028734	0.0071835	172.73	4.3363	1.1359	0.10187	69.81
1.756	0.091369	0.023428	28.931	415.88	383.1	34.249	0.0024266	0.0060665	109.11	4.0163	0.9897	0.14421	80.66
1.2443	0.10952	0.021181	29.959	374.61	369.07	52.288	0.0022089	0.0055223	29.347	7.2607	1.1761	0.08222	15.051
1.3913	0.12079	0.010507	31.713	418.63	297.59	24.158	0.0027603	0.0069007	36.845	2.0271	1.0053	0.12191	68.983
1.4514	0.10558	0.025197	35.845	436.26	344.56	36.77	0.0022365	0.0055913	76.176	2.8609	1.0737	0.1422	69.417
1.7213	0.10621	0.017866	28.742	311.52	331.57	41.472	0.0030067	0.0075168	37.143	1.8249	0.84316	0.11126	42.205
1.5619	0.084889	0.018978	35.983	401.47	288.5	23.655	0.0019328	0.004832	14.885	3.0139	0.81022	0.088036	29.917
1.6732	0.10304	0.024532	29.108	316.67	378.66	34.633	0.0016227	0.0040568	80.203	5.5282	0.67075	0.11213	26.436
1.4882	0.10947	0.014566	31.96	410.24	315.04	35.483	0.0021691	0.0054227	26.518	2.7622	0.78156	0.10248	14.571
1.0241	0.08961	0.026009	30.833	444.36	381.06	41.234	0.0022937	0.0057344	95.815	4.7692	1.0895	0.1025	47.182
1.4443	0.10157	0.028297	35.733	405.64	313.33	33.894	0.0018865	0.0047163	64.963	2.106	0.913	0.095356	30.181
1.4271	0.10207	0.024253	35.52	356.16	353.27	41.324	0.0017159	0.0042896	33.83	1.8794	0.72062	0.10106	63.059
1.6298	0.10549	0.029837	30.412	378.36	466.16	38.827	0.0023986	0.0059966	57.189	4.1422	0.84041	0.18591	5.4585
1.1523	0.10633	0.013287	29.326	409.2	323.62	59.269	0.0021305	0.0053262	173.85	1.2186	0.74292	0.12312	1.4607
1.4024	0.10078	0.024769	30.968	377.68	289.56	29.564	0.001849	0.0046226	71.824	7.0711	0.83888	0.099576	91.158
1.6068	0.10122	0.013511	31.757	420.08	370.77	43.489	0.0016868	0.0042169	75.461	3.5063	1.0311	0.13826	30.841
1.0432	0.1183	0.015314	35.635	446.88	276.23	30.281	0.0020611	0.0051528	47.673	2.3364	0.84971	0.17846	44.646
1.2271	0.08414	0.015256	35.674	492.94	371.49	49.566	0.0014053	0.0035133	100.18	4.4956	0.97006	0.11797	39.174
1.4608	0.084126	0.014383	31.195	441.05	392.43	32.965	0.0016514	0.0041286	86.963	6.0926	1.094	0.19054	1.4905
1.3576	0.10251	0.010663	35.833	450.24	389.02	31.509	0.0019545	0.0048862	19.031	5.566	0.72024	0.1556	23.876
1.5543	0.097162	0.017706	30.386	410.23	306.35	43.21	0.001442	0.0036049	31.759	0.70807	0.62476	0.13358	91.177
1.0882	0.08559	0.01032	34.302	340.42	305.52	32.197	0.0012949	0.0032374	326.3	3.2573	0.93401	0.076256	70.919
1.7589	0.089255	0.016962	31.129	505.49	370.74	48.108	0.0024132	0.0060329	162.45	2.3791	0.63277	0.14665	13.077
1.0947	0.13335	0.020106	31.813	417.31	343.43	37.178	0.002086	0.0052151	27.195	2.5471	0.85846	0.12846	74.005
1.3133	0.083601	0.020658	30.582	532.45	383.36	50.547	0.0015324	0.003831	123.13	4.9684	0.85432	0.10146	84.267
1.2773	0.10743	0.018058	30.731	568.73	344.77	34.878	0.0021849	0.0054622	35.168	2.0905	0.91151	0.14573	0.94433
1.2318	0.099074	0.012886	27.131	347.14	287.63	30.243	0.0019017	0.0047541	39.298	6.8179	0.64767	0.10249	89.184
1.4913	0.11394	0.027057	29.9	463.88	298.6	37.684	0.0019857	0.0049643	43.907	3.3847	1.0971	0.17016	67.365
1.6246	0.10196	0.016833	31.254	431.6	382.86	36.535	0.0019197	0.0047991	35.324	4.2551	1.1191	0.17192	8.4154
1.2073	0.10622	0.011028	28.241	363.73	342.64	30.877	0.0016592	0.0041481	70.906	4.108	0.89601	0.12628	55.887
1.3213	0.099924	0.029133	29.727	399.36	321.86	20.178	0.0020097	0.0050242	83.913	2.3476	0.66089	0.15189	75.271
1.7301	0.1084	0.017337	29.52	413.85	395.32	40.549	0.0020641	0.0051603	29.328	1.6222	0.82527	0.15652	19.675
1.0447	0.12543	0.029985	35.24	357.08	414.45	45.875	0.0016456	0.0041139	83.63	2.3483	0.73702	0.11107	95.636
1.7386	0.10033	0.020878	32.521	432.77	337.17	44.487	0.0018289	0.0045722	21.021	2.6603	0.89093	0.14686	2.1462
1.0417	0.10122	0.026105	26.609	352.57	306.89	42.681	0.0023917	0.0059793	95.722	3.9033	0.89063	0.12723	8.5986
1.6086	0.087248	0.025707	26.005	361.59	311.52	38.576	0.0019016	0.0047539	89.219	1.2338	0.88317	0.095414	56.301
1.4263	0.10409	0.023326	35.39	404.03	345.55	46.648	0.0018792	0.004698	45.475	5.2666	1.1722	0.12622	2.8121
1.0084	0.085803	0.011979	35.22	446.66	410.94	24.837	0.0024151	0.0060379	55.89	9.7059	1.0651	0.11069	58.757
1.7212	0.11621	0.012561	26.59	413.6	368.94	27.697	0.0020178	0.0050445	164.24	3.309	0.6916	0.12616	87.227
1.4984	0.11856	0.022432	31.605	387.03	363.43	32.555	0.0018566	0.0046416	123.94	3.9964	1.1028	0.18949	38.42
1.0523	0.10038	0.018747	30.496	335.12	395.97	29.943	0.0016577	0.0041443	119.5	3.0385	0.92156	0.10594	89.992
1.2453	0.094866	0.025661	30.516	369.9	300.71	28.49	0.0020008	0.005002	148.19	5.4086	1.0339	0.16191	59.995
1.725	0.1093	0.015351	32.165	425.79	353.05	40.036	0.0025614	0.0064035	32.988	6.4738	0.65127	0.082189	90.771
1.0319	0.071046	0.016601	27.959	415.34	345.42	45.054	0.0018437	0.0046092	28.75	1.1327	0.67226	0.13923	73.877
1.5489	0.087792	0.028402	34.233	340.32	382.57	27.26	0.0018216	0.0045541	51.476	4.8099	0.92329	0.11433	68.873
1.2149	0.10646	0.019631	31.747	469.97	378.32	45.01	0.0018015	0.0045038	51.562	1.9303	1.023	0.11959	75.525
1.1409	0.093493	0.014179	32.053	357.57	396.38	63.759	0.0022957	0.0057392	61.907	1.5542	0.82068	0.14997	78.947
1.5686	0.1178	0.027591	27.537	378.78	328.81	43.021	0.0013777	0.0034442	30.154	3.9201	0.65793	0.15892	81.229
1.3121	0.096216	0.022509	30.309	396.68	427.5	33.606	0.0024996	0.0062491	27.411	2.1409	0.97962	0.094216	65.494
1.3151	0.10398	0.018244	29.262	570.87	359.86	45.879	0.002378	0.0059449	101.33	3.2212	0.90656	0.12905	55.382
1.2741	0.10346	0.018777	29.015	337.52	301.89	45.76	0.0026161	0.0065403	61.15	3.7176	0.97058	0.10167	88.497
1.4395	0.10363	0.029008	33.053	403.53	342.46	44.893	0.0020021	0.0050052	104.76	2.4422	0.70836	0.17943	51.222
1.3936	0.099425	0.028482	35.462	411.73	412.75	44.996	0.0018767	0.0046919	66.915	3.1502	1.0607	0.077511	52.913
1.4621	0.12091	0.02919	30.749	376.91	322.71	68.091	0.0019602	0.0049005	75.089	3.1038	0.7923	0.19374	0.10474
1.384	0.096111	0.016332	31.306	431.06	400.95	56.515	0.0016457	0.0041144	15.197	4.1971	0.65647	0.15506	31.748
1.102	0.083425	0.020204	27.84	377.81	314.3	28.404	0.002971	0.0074274	40.879	1.763	1.1411	0.091261	37.876
1.6525	0.088507	0.011163	35.692	437.68	377.02	46.033	0.0017469	0.0043673	63.804	4.5824	1.0231	0.10195	88.245
1.0248	0.09615	0.022418	31.562	391.71	359.95	55.362	0.0019664	0.0049161	58.272	3.4526	0.81569	0.17095	96.337
1.1899	0.10697	0.015189	35.922	358.33	317.49	32.331	0.0019281	0.0048203	83.979	1.5735	0.88183	0.14919	25.576
1.1994	0.089763	0.016255	29.868	357.35	288.58	36.053	0.0016511	0.0041277	87.589	4.9233	0.71754	0.098904	90.613
1.7177	0.097558	0.011823	26.131	457.37	362.62	47.408	0.0019834	0.0049585	42.571	4.1366	1.1211	0.15255	37.231
1.0448	0.11439	0.019651	30.829	363.66	277.41	32.139	0.0030213	0.0075533	40.18	2.7935	0.79062	0.11768	93.325
1.3994	0.096159	0.012847	30.364	392.07	416.22	43.823	0.0016625	0.0041562	83.048	6.4567	1.1399	0.13971	39.959
1.2822	0.088903	0.013006	33.548	461.6	379.13	51.839	0.0021136	0.005284	29.219	5.1887	1.1809	0.067978	89.775
1.735	0.11701	0.016262	27.687	485.95	389.43	56.42	0.0028932	0.0072331	146.96	2.7915	1.0736	0.13894	93.763
1.3938	0.10379	0.027203	34.385	403.05	376	35.954	0.001644	0.0041101	40.094	1.1846	1.0802	0.082905	91.454
1.4008	0.086496	0.022996	28.708	399.03	371.02	41.887	0.0013595	0.0033987	128.02	4.0937	0.6007	0.14395	18.246
1.3908	0.09937	0.025218	28.836	424.33	356.97	36.053	0.0015952	0.0039879	16.082	1.8571	0.90926	0.101	14.586
1.5451	0.10859	0.012519	26.889	388.62	304.34	42.509	0.001566	0.0039149	62.76	3.3621	0.74494	0.13568	85.922
1.1832	0.087186	0.025325	31.747	375.26	350.95	58.177	0.0017742	0.0044355	55.362	2.335	0.60104	0.15224	43.535
1.4722	0.11649	0.020556	28.438	418.97	266.59	51.521	0.0019984	0.004996	95.849	4.0875	0.8308	0.13832	97.417
1.4237	0.10076	0.027045	34.753	308.57	349.11	46.073	0.0022554	0.0056385	30.261	2.7805	0.64959	0.11023	84.094
1.1995	0.10035	0.011425	35.918	419.85	387.67	24.01	0.002058	0.005145	25.989	14.16	1.1405	0.083438	97.294
1.6153	0.1011	0.015078	34.084	370.36	307.01	39.254	0.0018654	0.0046635	92.283	3.2607	1.1993	0.11032	18.587
1.4391	0.092341	0.023072	35.373	342.77	363.22	33.17	0.0016576	0.004144	55.406	2.1478	0.90625	0.22488	39.423
1.4114	0.079419	0.018564	33.01	429.82	437.29	35.637	0.0023054	0.0057635	245.81	4.4506	0.91626	0.1586	25.322
1.4966	0.099846	0.025705	31.868	414.66	293.48	36.335	0.0015047	0.0037618	41.034	1.4182	1.1363	0.089107	44.782
1.5558	0.058291	0.014594	31.849	485.86	362.37	49.806	0.0021184	0.005296	35.07	1.7979	0.85924	0.090115	40.626
1.7035	0.091581	0.025017	31.477	423.81	304.37	39.404	0.0012852	0.0032131	25.674	7.3459	0.92755	0.12253	89.503
1.3244	0.087159	0.018633	30.501	404.44	302.82	45.721	0.0017852	0.004463	60.874	3.9246	0.95383	0.15644	25.411
1.4855	0.11517	0.025302	30.478	468.68	402.86	35.305	0.0019637	0.0049092	52.545	1.7291	1.1581	0.16852	25.024
1.1944	0.12019	0.013158	33.264	379.54	374.16	32.338	0.0015572	0.0038929	36.418	3.6292	0.68619	0.14687	69.945
1.404	0.079499	0.016705	27.573	413.02	366.11	51.211	0.0015957	0.0039893	40.704	4.2325	0.61357	0.15034	48.088
1.6852	0.093629	0.024456	28.032	427.11	320.6	31.925	0.0013298	0.0033246	66.186	3.0563	0.69898	0.13872	10.513
1.3025	0.08392	0.028596	31.095	377.65	390.34	33.413	0.0017388	0.0043469	36.65	2.5024	0.94741	0.15425	50.259
1.0459	0.081253	0.017662	26.216	350.41	347.98	43.119	0.0017601	0.0044003	95.126	10.222	1.1444	0.14719	48.206
1.5508	0.10337	0.011569	34.855	460.2	339	40.202	0.001417	0.0035424	40.068	1.1958	1.1911	0.10339	85.364
1.1983	0.090548	0.010934	28.591	395.4	393.02	49.783	0.001732	0.0043301	54.232	2.506	0.74978	0.1194	45.935
1.1004	0.082271	0.014621	27.914	379.22	371.32	36.892	0.0017308	0.004327	172.15	4.0123	1.1739	0.094204	96.614
1.0806	0.11542	0.025448	34.383	395.97	333.69	52.046	0.0023937	0.0059844	23.737	11.706	1.0309	0.097394	25.155
1.4569	0.089689	0.025777	27.342	450.31	359.36	26.687	0.0029805	0.0074511	15.34	7.1882	1.1593	0.14653	96.529
1.5687	0.090671	0.02297	32.795	439.17	331.24	33.412	0.0018334	0.0045836	79.55	4.1469	0.74334	0.085338	51.279
1.4501	0.099812	0.024963	35.673	422.59	358.94	35.791	0.0021686	0.0054214	19.245	1.8653	0.98143	0.12927	89.693
1.1931	0.10433	0.016879	31.417	348.62	371.74	31.788	0.001405	0.0035124	31.097	3.4268	0.95173	0.13413	82.649
1.0813	0.10934	0.025408	34.247	363.74	363.36	38.124	0.0015976	0.0039939	14.7	1.5283	1.0191	0.11579	13.389
1.5084	0.094351	0.026199	32.444	418.41	327.8	40.279	0.0021421	0.0053552	49.131	2.7355	1.1309	0.11345	42.447
1.7589	0.10294	0.014821	33.416	358.49	363.23	45.845	0.0011434	0.0028584	46.951	2.6254	0.96013	0.091037	66.392
1.5631	0.086143	0.020911	31.888	468.6	339.71	49.37	0.0021578	0.0053946	69.619	4.119	0.92513	0.1122	81.14
1.3237	0.10972	0.018063	35.037	403.6	296.32	26.694	0.0020345	0.0050863	52.469	6.1704	1.1212	0.20665	80.978
1.1216	0.082356	0.020567	35.262	425.57	329.31	42.944	0.0021855	0.0054638	116.87	6.5002	0.85734	0.1426	1.2466
1.1221	0.10371	0.029342	32.271	431.67	461.62	49.369	0.0020089	0.0050221	22.254	3.1203	0.61326	0.1166	10.086
1.5245	0.087768	0.019745	35.073	374.73	323.67	51.558	0.0014355	0.0035888	53.364	3.4957	0.85235	0.13738	86.326
1.0282	0.11493	0.012107	32.979	430.05	380.16	38.8	0.0021808	0.0054521	54.27	1.9025	0.93505	0.21712	5.1344
1.3124	0.11461	0.018662	26.207	400.39	298.26	39.333	0.0016228	0.0040571	55.765	1.5826	1.0349	0.15747	0.91945
1.4934	0.099115	0.016376	26.875	383.07	328.87	45.565	0.0020491	0.0051227	20.802	4.8619	1.1928	0.10827	33.939
1.7624	0.10137	0.028878	30.452	355.2	332.26	52.98	0.0020404	0.0051009	83.581	2.5973	0.77275	0.0892	7.147
1.3372	0.075676	0.01151	26.393	399.4	286.63	25.307	0.0017611	0.0044028	27.049	2.0555	0.75599	0.097064	70.865
1.1991	0.102	0.025865	27.458	331.34	318.65	49.602	0.0017139	0.0042848	32.011	1.888	0.99613	0.12387	18.675
1.7117	0.096149	0.023103	32.951	393.29	348.31	47.805	0.0015464	0.0038659	45.198	3.0844	0.60236	0.10196	80.286
1.1715	0.077349	0.028212	31.942	395.94	305.03	42.271	0.0019273	0.0048183	50.315	7.4734	0.68603	0.12978	51.234
1.4971	0.099195	0.027626	30.993	432.16	380	33.927	0.0013523	0.0033808	84.631	6.1014	1.0381	0.16738	74.67
1.2933	0.10011	0.013355	33.375	391.08	342.9	68.467	0.0016818	0.0042045	76.049	2.8106	0.95558	0.088812	54.969
1.7465	0.086911	0.024678	29.014	391.23	359.97	37.146	0.0016484	0.004121	126.17	1.4713	0.73985	0.16428	0.87573
1.6232	0.08289	0.013846	29.446	390.42	328.23	53.022	0.0018869	0.0047172	55.099	3.9064	0.8586	0.13592	29.946
1.4165	0.10945	0.020481	32.872	436.65	420.45	62.334	0.0021196	0.005299	62.898	1.3776	0.86582	0.089849	12.43
1.198	0.080603	0.019946	28.264	360.34	376.91	42.816	0.0019383	0.0048458	53.657	4.7501	0.93572	0.11844	58.326
1.6535	0.11477	0.019136	26.343	476.33	399	37.405	0.0022368	0.0055919	49.191	3.8037	1.0617	0.14528	62.256
1.5222	0.097074	0.029313	30.447	430.67	313.47	58.415	0.0017423	0.0043557	37.732	3.5616	1.1915	0.12222	60.424
1.7339	0.10765	0.021643	29.902	444.44	311.96	57.493	0.0018195	0.0045487	24.017	1.9768	1.0328	0.20992	68.319
1.7086	0.11656	0.029239	33.12	435.87	303.06	37.774	0.0023036	0.0057589	65.49	2.1983	1.1043	0.077027	6.2204
1.3348	0.10687	0.023604	30.465	374.5	407.45	49.931	0.0022991	0.0057478	59.008	5.3712	0.672	0.14493	92.526
1.6944	0.10139	0.018079	29.84	422.27	357.49	28.946	0.0017776	0.0044441	19.327	3.2217	0.71506	0.14916	64.267
1.0869	0.082322	0.012508	32.228	441.01	324.03	47.594	0.0015386	0.0038466	72.452	3.918	1.0452	0.14556	79.269
1.0102	0.097531	0.019346	26.298	436	334.21	38.301	0.0015522	0.0038806	31.796	3.8757	0.84152	0.096446	55.421
1.5633	0.10903	0.029029	29.578	456.37	365.75	32.763	0.0021718	0.0054296	37.802	2.7195	0.85393	0.16445	37.962
1.0768	0.1002	0.02782	30.474	439.43	353.38	35.708	0.0019267	0.0048168	37.672	2.2854	0.89302	0.098174	84.898
1.7857	0.11702	0.025707	33.73	305.19	286.67	31.406	0.0016351	0.0040878	57.091	2.4363	0.84624	0.093831	21.246
1.7067	0.10556	0.015547	33.811	444.48	297.77	49.462	0.0022907	0.0057267	74.626	1.802	1.1141	0.096334	96.869
1.6216	0.099095	0.016052	29.227	379.43	338.81	35.793	0.0022273	0.0055681	47.307	4.3065	1.0239	0.086435	7.7968
1.5472	0.10515	0.013902	35.672	364.22	374.91	33.484	0.0018717	0.0046791	27.145	4.0769	0.62972	0.1332	66.965
1.3371	0.10534	0.017863	29.813	431.52	370.79	35.836	0.0023519	0.0058797	25.537	4.0144	0.884	0.11125	43.211
1.7628	0.094601	0.02932	26.128	397.95	314.55	45.657	0.0018252	0.004563	56.387	3.8756	1.106	0.1952	62.104
1.3901	0.10113	0.021538	30.445	429.15	307.8	30.683	0.0019995	0.0049986	26.816	4.7445	1.1682	0.21558	58.628
1.6307	0.096664	0.010267	32.148	448.48	318.24	42.049	0.001797	0.0044924	28.964	5.3382	1.1335	0.10556	14.406
1.3832	0.10342	0.028407	26.904	408.7	341.41	38.792	0.0017928	0.0044819	33.101	2.0873	1.1664	0.092333	73.122
1.3308	0.12607	0.015096	28.262	415.22	341.8	36.598	0.0018787	0.0046967	26.374	6.2944	0.69855	0.15324	37.891
1.1	0.089392	0.019038	34.669	350.53	336.07	26.292	0.0022851	0.0057127	51.73	4.645	0.71523	0.11615	32.517
1.7287	0.10467	0.013013	26.576	337	340.39	40.68	0.001462	0.0036551	204.97	2.9809	0.60797	0.14631	36.341
1.325	0.10483	0.016826	29.959	449.03	324.96	38.367	0.0020981	0.0052454	103.28	6.2806	0.85978	0.073801	1.8041
1.4943	0.095494	0.017841	28.155	363.33	258.11	34.262	0.0017616	0.0044041	24.591	5.77	0.84441	0.20339	59.911
1.4803	0.10537	0.015992	31.984	382.34	316.38	28.064	0.0026549	0.0066371	57.742	3.1803	0.77988	0.10785	33.457
1.7305	0.10987	0.010626	32.309	472.69	358.13	39.381	0.0020944	0.0052361	21.555	4.0597	0.65671	0.11616	24.562
1.6441	0.098344	0.020791	34.993	415.44	331.28	23.447	0.0017965	0.0044912	31.63	4.425	0.73955	0.095134	85.759
1.2651	0.11636	0.028317	32.448	334.59	330.61	46.143	0.0017967	0.0044917	304.01	3.3717	1.0374	0.10519	73.136
1.4691	0.099107	0.015696	30.906	471.45	326.76	39.611	0.0029154	0.0072885	43.984	2.0073	1.0337	0.12889	38.031
1.5351	0.097331	0.028239	27.142	405.63	381.7	31.366	0.0021703	0.0054257	540.64	2.27	0.66495	0.13127	46.254
1.0594	0.10561	0.02203	27.307	391.35	312.67	46.222	0.0017039	0.0042598	90.952	2.4612	0.84188	0.090207	12.748
1.4681	0.1035	0.01263	26.82	431.84	316.44	33.849	0.0028892	0.007223	47.657	4.187	1.1845	0.14219	61.045
1.3698	0.10249	0.021777	32.829	337.22	337.36	52.297	0.0018009	0.0045023	39.092	3.2811	1.1903	0.13848	80.948
1.39	0.13436	0.010333	35.142	399.25	318.85	35.195	0.0020486	0.0051216	120.19	3.4867	1.1373	0.066175	61.743
1.1791	0.11394	0.024789	32.942	459.95	378.53	40.704	0.0019028	0.0047571	22.801	0.87611	1.1978	0.087935	53.5
1.7298	0.11625	0.010878	31.405	414.48	391.75	31.225	0.0019708	0.0049269	78.942	2.0828	0.83894	0.10951	94.488
1.021	0.083656	0.014587	32.018	428.5	335.18	31.127	0.0022609	0.0056522	36.277	1.7053	0.66514	0.1355	49.647
1.322	0.095103	0.01348	28.087	340.23	333.54	30.932	0.0024039	0.0060098	109.14	4.466	1.1645	0.15087	74.026
1.7241	0.085264	0.019704	34.975	402.92	420.29	49.911	0.0020858	0.0052146	39.16	1.8886	0.82801	0.11181	74.489
1.1208	0.13495	0.02449	31.607	356.59	342.95	33.78	0.002531	0.0063275	79.368	5.8197	0.71657	0.11762	99.894
1.2665	0.074342	0.021084	31.101	380.48	424.43	46.328	0.0020424	0.0051061	38.257	3.6277	0.87356	0.11491	48.651
1.3508	0.094609	0.014675	27.115	392.12	393.02	42.282	0.0018137	0.0045342	32.372	4.4624	0.66866	0.099605	40.06
1.0195	0.11631	0.015618	35.349	345.24	366.83	31.72	0.0015785	0.0039463	20.239	1.1849	0.80681	0.14833	11.277
1.0774	0.1065	0.015287	34.763	456.77	337.13	33.802	0.0013114	0.0032784	33.576	2.4614	0.94373	0.16333	3.7256
1.1647	0.080267	0.011748	26.872	374.88	381.84	45.319	0.001818	0.004545	680.37	2.8207	1.1247	0.12327	5.3821
1.7839	0.091627	0.028186	27.815	471.77	367.12	36.228	0.001824	0.00456	64.757	3.6546	0.72317	0.14672	35.739
1.0895	0.11018	0.017825	32.081	432.17	409.44	43.619	0.002109	0.0052725	100	3.2413	0.6231	0.098157	63.018
1.4351	0.10394	0.02796	26.905	446.84	377.92	44.565	0.0020667	0.0051668	34.741	4.5127	0.83534	0.11033	54.344
1.4469	0.11334	0.024834	27.928	423.98	352.2	39.134	0.0023306	0.0058266	27.534	1.1799	0.60744	0.13466	7.6544
1.4522	0.11225	0.029165	26.551	377.16	346.22	34.023	0.0018901	0.0047253	31.039	2.5315	0.79924	0.15745	94.649
1.7237	0.11019	0.026415	34.537	420.02	326.19	54.373	0.0021055	0.0052639	54.191	7.7659	0.80249	0.12013	0.92609
1.2919	0.10357	0.016381	34.096	494.35	346.32	38.324	0.0020253	0.0050632	336.53	3.6893	0.63958	0.083196	63.632
1.7412	0.10495	0.0126	33.753	322.11	345.48	37.138	0.0020569	0.0051423	40.322	0.91631	1.157	0.1417	93.475
1.3338	0.089967	0.025544	30.668	387.76	362.01	34.017	0.0022582	0.0056455	16.158	0.93947	0.95467	0.12471	51.117
1.6473	0.11934	0.011817	29.68	407.01	282.57	44.189	0.0021683	0.0054207	30.067	4.1713	0.78849	0.11494	97.476
1.6053	0.087223	0.028763	32.928	355.53	310.15	35.918	0.0021703	0.0054257	33.149	1.7513	1.0301	0.1139	77.067
1.7904	0.081632	0.010121	28.547	408.8	272.28	39.789	0.0027732	0.0069329	28.675	2.2157	1.0322	0.072229	54.83
1.3452	0.1047	0.028446	32.996	385.06	473.38	27.698	0.0018301	0.0045751	55.04	1.8092	0.63477	0.13063	23.438
1.4781	0.099817	0.028143	34.767	471.3	329.74	28.561	0.0019488	0.0048719	70.094	6.5321	1.0565	0.1546	36.749
1.1052	0.10373	0.016207	32.338	377.68	407.16	38.281	0.0012686	0.0031715	393.83	4.3183	1.1928	0.1521	40.166
1.7813	0.12391	0.019645	30.127	429.85	366.73	34.303	0.0017141	0.0042854	34.605	2.8892	0.78245	0.13793	76.956
1.7355	0.11913	0.021674	30.615	394.75	351.99	41.64	0.002938	0.007345	70.747	3.3029	0.64361	0.12178	20.775
1.0106	0.10674	0.014936	26.188	380.68	398.24	24.001	0.0023112	0.005778	18.557	4.429	0.94878	0.097104	25.865
1.7676	0.082193	0.02217	27.04	377.97	343.4	34.632	0.0017087	0.0042718	68.6	2.2189	1.1908	0.093514	66.708
1.4709	0.085478	0.022683	26.891	427.34	302.37	40.69	0.0019043	0.0047606	38.224	1.269	0.78204	0.10831	41.347
1.4116	0.11555	0.020448	26.302	418.02	347.42	27.019	0.0021632	0.0054079	27.959	1.1778	1.041	0.094982	82.346
1.7182	0.11122	0.019517	32.82	436.76	282.3	38.839	0.0016798	0.0041996	32.993	4.1283	0.65341	0.096439	76.748
1.6242	0.12136	0.019521	33.682	421.6	337.96	40.409	0.0018255	0.0045636	65.114	2.2805	0.80742	0.1742	14.353
1.3418	0.091514	0.02657	27.946	407.88	287.74	37.295	0.0032829	0.0082073	43.258	2.2268	0.89331	0.12381	51.945
1.5715	0.10284	0.017384	26.519	418.84	359.02	42.317	0.0028169	0.0070423	66.278	1.9529	1.1374	0.11214	23.092
1.0601	0.11192	0.025442	31.647	466.19	408.13	36.521	0.0017725	0.0044312	44.827	3.5398	0.8792	0.11003	37.252
1.4784	0.10319	0.014913	31.894	371.54	389.16	44.624	0.0016544	0.0041361	27.008	3.6776	1.1573	0.10852	93.518
1.5055	0.10777	0.025988	35.299	342.01	384.97	44.272	0.0023201	0.0058002	58.677	4.0683	0.61549	0.10504	59.81
1.3056	0.08623	0.025787	26.929	378.49	324.86	46.648	0.0018354	0.0045884	41.916	2.5808	0.6375	0.14095	15.963
1.3987	0.11962	0.019335	28.358	361.19	338.1	58.573	0.0017478	0.0043695	100	3.3207	0.71336	0.094732	45.112
1.3191	0.089414	0.027901	35.097	416.04	302.29	37.095	0.0018843	0.0047108	19.001	2.1524	0.67855	0.15261	31.921
1.6455	0.09973	0.023796	29.403	459.74	343.91	58.053	0.0019612	0.0049031	34.721	4.0022	0.71697	0.24474	30.148
1.001	0.079827	0.017792	35.872	519.12	338.09	56.096	0.0019945	0.0049863	99.797	3.1747	0.70469	0.09014	34.921
1.5948	0.078637	0.029047	32.559	360.68	369.06	39.393	0.0015393	0.0038483	42.574	0.84809	0.82884	0.13748	77.18
1.2968	0.12111	0.014201	30.274	410.38	275.18	39.919	0.0015348	0.0038369	137.37	2.4525	0.87402	0.16176	68.676
1.5535	0.07921	0.013223	34.466	386.09	304.96	47.403	0.0015273	0.0038182	62.755	5.1548	1.0378	0.11841	22.171
1.1228	0.11324	0.023902	29.738	391.66	317.18	32.631	0.0016502	0.0041255	34.866	2.0507	1.1045	0.14016	97.473
1.0879	0.1122	0.014153	28.627	443.41	299.61	28.852	0.001671	0.0041775	34.654	5.4713	0.68269	0.087551	20.276
1.0413	0.093965	0.029417	27.215	448.83	377.67	38.45	0.0020378	0.0050944	31.126	5.3774	1.1721	0.098333	43.693
1.4244	0.087724	0.022718	35.951	457.19	366.66	31.757	0.0015765	0.0039412	74.145	4.639	1.0081	0.13074	46.262
1.1169	0.12256	0.014514	29.223	381.3	292.76	36.437	0.0018977	0.0047443	27.765	3.8464	0.92316	0.12452	6.7916
1.2903	0.11302	0.015179	32.126	443.24	419.91	27.575	0.0019539	0.0048849	94.554	4.283	1.1632	0.13655	96.637
1.0209	0.09282	0.021235	31.416	435.3	356.81	44.922	0.002099	0.0052474	75.921	6.0195	0.77364	0.17667	57.526
1.6784	0.096872	0.011226	29.153	346.09	271.69	31.433	0.0017455	0.0043636	26.753	4.613	0.85219	0.10095	83.016
1.1084	0.10508	0.011093	32.003	344.21	267.87	41.877	0.001906	0.0047649	28.033	3.6857	0.9804	0.069199	26.74
1.1649	0.08987	0.010185	31.249	454.72	337.59	30.82	0.0016722	0.0041805	42.53	2.7943	0.85525	0.12448	91.169
1.1707	0.098709	0.013238	30.46	416.13	357.61	42.729	0.0016527	0.0041318	27.893	2.0429	0.99144	0.081348	66.69
1.1973	0.099445	0.021706	27.2	430.4	337.36	32.64	0.0022354	0.0055884	30.811	1.271	0.70589	0.12818	16.528
1.4545	0.094154	0.011728	34.538	409.32	338.42	43.031	0.0020032	0.005008	34.21	2.9827	1.1526	0.088628	78.46
1.6766	0.09618	0.011294	30.212	364.89	358.05	34.846	0.0016437	0.0041092	36.31	2.255	0.82251	0.15068	17.629
1.4452	0.10327	0.020785	26.486	362.28	328.36	34.521	0.0019321	0.0048303	28.988	2.2997	1.1007	0.11618	39.542
1.1972	0.10129	0.026514	31.718	372.1	371.96	33.977	0.0017028	0.0042571	108.34	2.1229	1.119	0.090136	41.547
1.1626	0.09823	0.01709	27.023	478.24	397.11	40.329	0.0016571	0.0041427	29.941	6.4743	1.1304	0.097437	21.435
1.5243	0.085582	0.020457	30.337	405.08	337.56	49.306	0.0022112	0.0055279	42.942	2.5565	0.79553	0.13691	49.084
1.4704	0.088273	0.020414	27.56	455.37	398.91	38.869	0.0024151	0.0060376	25.824	7.6897	0.93804	0.23705	54.364
1.4297	0.098135	0.020632	31.255	393.93	425.88	34.911	0.0025106	0.0062765	25.625	2.2938	1.0532	0.14181	35.827
1.1117	0.10069	0.027081	33.835	467.37	319.34	32.495	0.0019377	0.0048442	15.639	1.971	0.61807	0.12361	6.6921
1.0369	0.10312	0.026249	33.475	371.87	381.72	37.025	0.0015139	0.0037847	113.7	2.9545	0.6476	0.094166	4.0203
1.3868	0.1075	0.011323	35.036	346.03	400.63	46.97	0.0024166	0.0060415	17.425	8.6217	0.94585	0.19241	25.481
1.5456	0.11119	0.014575	28.22	358.92	354.29	39.787	0.0023166	0.0057915	67.683	3.1334	0.814	0.13157	72.36
1.7619	0.094542	0.012854	27.414	373.2	391.86	38.445	0.0024501	0.0061253	182.56	3.0359	0.74198	0.092077	77.515
1.2236	0.097879	0.018765	28.292	401.06	318.76	45.43	0.001722	0.0043051	33.294	6.1636	0.74781	0.096466	80.976
1.558	0.090996	0.028901	29.677	417.66	386.92	37.411	0.0022269	0.0055674	26.955	3.3787	0.69038	0.12296	94.723
1.2796	0.10853	0.016152	33.491	396.41	377.6	55.54	0.0013014	0.0032535	23.501	1.9101	1.0126	0.19338	40.286
1.1115	0.10067	0.015983	28.376	401.13	504.87	43.873	0.0025727	0.0064317	59.663	7.7614	0.67483	0.19206	24.081
1.7483	0.091475	0.011972	31.781	473.37	296.87	36.138	0.0018332	0.004583	24.975	2.1021	0.93795	0.12761	8.2074
1.5799	0.093441	0.010798	31.31	399.81	382.63	53.747	0.0019298	0.0048244	59.919	1.7556	0.91573	0.14812	22.022
1.5982	0.11661	0.021322	29.333	474.88	323.83	37.361	0.0015844	0.003961	28.186	3.5577	1.05	0.082174	97.691
1.3285	0.099818	0.029377	28.305	459.59	345.73	39.744	0.0015667	0.0039169	45.781	2.7039	0.69649	0.10942	91.145
1.2177	0.10163	0.024124	30.404	427.04	447.12	33.049	0.001915	0.0047876	56.414	2.4531	0.68473	0.20554	63.162
1.224	0.095102	0.028466	26.723	481.03	286.05	43.717	0.0017888	0.004472	34.428	2.5231	0.66391	0.14694	99.23
1.6664	0.12159	0.01811	30.498	507.44	375.68	44.598	0.0019341	0.0048352	54.825	4.085	1.1616	0.13525	58.754
1.1653	0.11174	0.011779	32.21	340.59	398.75	46.706	0.0016037	0.0040092	20.925	2.0927	0.60659	0.12713	39.371
1.3085	0.084145	0.014505	27.845	426.84	284.05	34.453	0.0015416	0.0038541	46.588	3.1857	0.72227	0.1065	33.318
1.7174	0.11291	0.019532	28.821	367.4	350.75	36.753	0.0017744	0.004436	95.95	2.3502	1.059	0.19492	0.2311
1.7522	0.084851	0.027022	35.598	361.12	347.29	41.615	0.0015472	0.0038679	46.073	2.1963	0.98519	0.19835	67.76
1.7881	0.10556	0.022065	30.292	335.12	317.15	38.357	0.0022963	0.0057408	31.014	2.1203	0.85379	0.11251	67.616
1.2963	0.099413	0.01099	34.893	500.43	375.03	35.604	0.0020734	0.0051834	60.969	3.161	1.1747	0.081237	37.11
1.0062	0.12198	0.024759	33.22	410.54	390.43	33.412	0.0017304	0.0043259	68.459	4.1799	0.7703	0.11808	45.352
1.1047	0.077167	0.021553	35.963	410.71	377.61	48.237	0.002517	0.0062924	45.886	2.9973	1.1324	0.14511	69.295
1.4932	0.11004	0.017813	34.901	492.14	322	28.708	0.002285	0.0057125	118.93	4.2842	0.63939	0.089614	34.748
1.2349	0.09498	0.027233	28.698	434.1	294.88	31.628	0.0020357	0.0050893	91.468	6.7131	1.106	0.18664	14.478
1.649	0.10115	0.029639	29.015	430.64	323.97	43.14	0.0020892	0.005223	38.575	4.9954	0.76592	0.095725	36.385
1.1558	0.097373	0.029774	33.735	393.88	389.78	43.085	0.0023763	0.0059407	79.19	3.8598	0.94293	0.11634	78.803
1.5545	0.08434	0.026068	32.878	461.07	370.39	49.444	0.0022131	0.0055326	26.64	9.3403	0.98979	0.082902	94.644
1.681	0.11078	0.026899	35.578	417.42	321.42	34.035	0.0014401	0.0036003	228.49	2.4169	0.98066	0.14793	32.474
1.5696	0.084529	0.019852	27.373	404.86	411.91	59.991	0.002043	0.0051076	98.373	3.0897	1.1248	0.16374	8.1439
1.544	0.084227	0.015735	28.893	389.13	341.06	41.648	0.0018058	0.0045144	65.942	3.445	0.89253	0.12873	89.975
1.5167	0.10336	0.01955	26.076	360.15	319.67	40.74	0.0017883	0.0044707	41.943	2.5695	0.71166	0.11673	80.212
1.7067	0.08848	0.019117	28.261	414.64	327	37.39	0.0013375	0.0033437	51.334	6.3891	0.80955	0.10745	74.069
1.0392	0.086494	0.028528	28.436	466.19	317.1	38.288	0.0018092	0.0045231	49.428	3.1567	0.86079	0.12201	28.359
1.0229	0.097624	0.01041	35.53	350.33	350.21	34.064	0.0022251	0.0055628	49.089	2.6847	0.96281	0.11994	69.165
1.015	0.073595	0.01039	26.452	423.91	349.62	42.793	0.0018403	0.0046007	16.374	3.3998	0.94632	0.14165	9.6816
1.3368	0.085372	0.013876	34.196	394.78	375.26	35.331	0.0018666	0.0046665	28.915	1.7812	0.90381	0.10109	98.138
1.6277	0.09143	0.019809	34.039	350.99	330.05	35.59	0.0020108	0.005027	28.936	3.1303	0.7493	0.17769	89.958
1.7605	0.081441	0.011218	29.056	450.47	375.41	42.867	0.0016774	0.0041935	51.534	4.9364	0.92025	0.12641	84.567
1.1172	0.094454	0.027925	35.138	392.2	345.53	43.049	0.0025616	0.006404	65.786	4.5198	0.6597	0.12885	36.097
1.3569	0.11675	0.014458	29.534	400.38	352.93	35.369	0.0020335	0.0050837	77.536	3.505	1.0637	0.12079	64.92
1.0787	0.11129	0.010542	30.286	402.07	346.27	46.855	0.0015088	0.0037721	45.438	5.5097	0.93063	0.18884	68.375
1.7554	0.085965	0.01927	34.257	427.07	320.13	26.041	0.002089	0.0052224	88.965	3.6931	1.0438	0.097791	46.173
1.709	0.11946	0.024891	32.592	390.73	372.16	28.465	0.0018822	0.0047055	25.281	2.0485	1.1686	0.16186	83.119
1.3688	0.10163	0.025305	27.617	349.04	437.09	33.111	0.0018205	0.0045513	31.109	3.8411	1.0774	0.1326	62.008
1.3892	0.095282	0.019955	34.328	360.26	328.43	42.819	0.0020007	0.0050019	10.223	5.5457	0.75644	0.094334	88.254
1.5312	0.0998	0.028115	34.731	442.65	349.49	34.874	0.0021519	0.0053798	83.367	2.1966	1.1991	0.13718	6.2888
1.7296	0.090258	0.024247	27.264	400.69	324.1	29.062	0.00174	0.00435	17.598	4.1635	0.79225	0.21354	65.73
1.406	0.1073	0.012607	27.034	439.44	341.05	26.357	0.0019141	0.0047853	91.738	6.6232	1.0851	0.13057	96.542
1.5982	0.10181	0.011365	32.914	412.68	341.74	39.088	0.0020758	0.0051895	14.801	2.7351	1.0414	0.12747	8.4389
1.2014	0.090542	0.014153	35.499	361.31	419.15	39.035	0.0018483	0.0046206	57.961	2.3721	1.0008	0.12908	70.822
1.1545	0.108	0.017526	26.562	496.85	320.72	29.585	0.0025348	0.006337	112.15	1.0742	1.0338	0.079815	16.239
1.5894	0.11167	0.016675	29.805	339.3	316.87	43.987	0.0016849	0.0042122	50.407	2.9765	0.64463	0.20084	65.119
1.4292	0.088415	0.02118	28.778	414.43	382.39	49.131	0.0019471	0.0048678	46.738	4.6345	1.0003	0.13399	24.087
1.1075	0.10732	0.012191	30.697	342.03	365.16	36.322	0.0019921	0.0049803	42.675	6.0158	0.8576	0.10036	75.376
1.4244	0.072705	0.029172	35.506	470.27	416.88	49.912	0.0026804	0.0067009	38.511	1.879	1.0478	0.082805	28.275
1.4882	0.095859	0.012037	31.034	417.39	331.29	54.17	0.0022104	0.0055259	32.926	1.8133	0.78802	0.12823	40.964
1.3635	0.098217	0.017525	32.993	362.02	343.69	33.008	0.0016192	0.0040479	174.91	2.0753	1.1198	0.16999	47.748
1.2502	0.082691	0.010115	33.88	430.88	435	38.687	0.0017166	0.0042915	165.38	2.3424	0.68151	0.10392	1.7427
1.3982	0.093195	0.014055	27.379	400.95	326.51	31.537	0.0022075	0.0055189	7.4895	2.7499	1.0417	0.083087	69.157
1.4487	0.093292	0.026697	29.169	345.12	342.2	37.912	0.002378	0.0059449	40.546	1.6008	0.94477	0.10012	57.065
1.6285	0.10026	0.022849	32.318	333.62	378.35	45.647	0.0016522	0.0041306	108.88	5.5164	0.8037	0.13994	94.147
1.7146	0.08902	0.023707	35.324	426.73	340.25	38.768	0.0020312	0.0050781	55.776	1.8653	0.92164	0.19609	93.049
1.1411	0.11523	0.024384	33.28	402.18	434.79	28.053	0.0021429	0.0053573	41.699	6.658	0.95726	0.06747	30.71
1.3028	0.10276	0.02024	34.722	341.26	376.63	28.88	0.0017295	0.0043238	22.845	2.1942	1.0441	0.14105	3.1709
1.6374	0.1004	0.021446	26.907	318.44	384.66	61.483	0.0018633	0.0046582	34.829	8.5837	1.0056	0.10575	54.775
1.4054	0.11256	0.016297	29.262	360.17	353.8	44.347	0.0019936	0.004984	75.145	2.5061	1.1189	0.10996	52.085
1.1658	0.10985	0.018412	27.966	437.27	380.19	29.598	0.0017782	0.0044456	34.207	6.3748	0.67966	0.15418	78.681
1.6309	0.087079	0.029038	30.604	357.18	311.91	44.059	0.0018349	0.0045872	27.964	6.7437	0.89753	0.11151	66.6
1.036	0.08088	0.020486	27.457	374.55	293.99	33.135	0.0024992	0.0062479	105.57	4.479	0.72444	0.12709	69.162
1.3224	0.069604	0.024861	34.033	447.01	450.31	33.543	0.0027227	0.0068069	29.276	4.6957	1.09	0.16773	55.005
1.2998	0.091016	0.026559	31.93	358.78	305.9	28.174	0.0023646	0.0059116	21.743	2.7195	0.85055	0.14293	23.483
1.3633	0.10584	0.014793	28.016	453.99	399.47	32.108	0.0021556	0.0053889	16.637	2.0461	1.0764	0.12863	24.989
1.0849	0.10826	0.018409	30.66	386.22	368.68	44.531	0.0017137	0.0042843	35.798	2.5842	0.87984	0.094681	62.915
1.7799	0.072161	0.028878	35.58	475.77	335.52	31.61	0.0023872	0.0059681	57.843	2.7551	0.73553	0.10196	97.035
1.2555	0.11095	0.024167	35.07	464.23	393.26	47.209	0.0022767	0.0056918	101.05	6.1951	0.65779	0.12691	12.518
1.5359	0.12866	0.020702	29.321	316.85	273.86	55.881	0.0014007	0.0035018	105.73	2.9697	0.93995	0.062536	31.938
1.4133	0.10625	0.029932	30.668	409.12	284.62	36.629	0.0014957	0.0037393	17.181	1.4447	0.88961	0.16755	36.271
1.7904	0.1099	0.014363	35.084	423.86	318.4	45.538	0.0023394	0.0058484	102.51	1.9531	1.0188	0.1028	71.711
1.6093	0.10519	0.021779	32.933	400.72	323.17	34.91	0.0026714	0.0066785	67.443	2.416	1.0298	0.1303	24.598
1.5294	0.10994	0.025529	29.151	456.1	448.54	50.947	0.0015292	0.003823	47.282	2.4311	0.94511	0.12188	25.444
1.0319	0.099728	0.027538	33.207	380.95	355.3	39.537	0.0024459	0.0061146	63.36	3.704	0.93926	0.13516	97.303
1.6248	0.1096	0.022465	34.587	424.48	413.31	28.914	0.0021567	0.0053917	41.54	3.5458	0.82863	0.20525	58.277
1.0025	0.08894	0.016713	29.742	486.47	313.96	47.323	0.0023691	0.0059228	150.73	1.445	1.1964	0.096717	97.071
1.105	0.072279	0.024917	33.37	391.21	375.69	38.111	0.0018683	0.0046708	46.34	2.2949	0.71355	0.073327	11.512
1.3374	0.11	0.012187	26.645	440.09	315.22	38.351	0.0019844	0.0049611	46.92	4.2032	0.82847	0.10599	97.359
1.7859	0.095286	0.028975	32.614	312.22	333.38	35.902	0.0016752	0.0041881	18.499	3.0736	0.98199	0.13213	81.689
1.6941	0.094943	0.014464	30.516	399.14	347.19	35.642	0.0015399	0.0038498	94.828	3.2117	0.67573	0.12168	60.881
1.4488	0.094445	0.01506	31.244	417.21	330.89	31.085	0.002189	0.0054724	49.973	6.5095	1.0462	0.1061	28.219
1.5211	0.1158	0.024445	34.263	357.69	335.41	26.138	0.0022845	0.0057113	91.391	3.1592	1.0706	0.094896	73.135
1.337	0.087446	0.025702	35.819	397.48	361.65	35.757	0.0020856	0.0052141	143.03	8.962	0.60671	0.073061	3.1876
1.1195	0.096113	0.011218	30.936	455.3	321.48	37.881	0.002048	0.00512	19.367	4.9615	1.0851	0.10167	74.754
1.619	0.084797	0.029345	32.157	389.76	372.19	32.924	0.0018229	0.0045573	51.246	4.2121	1.1696	0.10524	94.16
1.6385	0.12259	0.028	33.241	418.88	375.76	24.375	0.0023211	0.0058028	24.927	1.5231	0.76439	0.19837	76.186
1.5763	0.098655	0.020479	29.914	396.06	332.11	43.294	0.0015561	0.0038903	72.461	2.021	0.87779	0.11579	52.456
1.1751	0.10483	0.027706	30.33	444.35	396.75	45.859	0.0019506	0.0048766	80.506	1.6046	1.039	0.17125	66.47
1.358	0.10091	0.019779	29.223	369.75	366.64	28.709	0.0020884	0.0052209	65.986	6.9713	0.78176	0.11081	56.914
1.1809	0.11485	0.028425	32.617	400.41	289.9	35.293	0.0018916	0.0047291	42.82	3.1212	0.63237	0.090604	86.939
1.7747	0.094852	0.01642	32.619	411.59	338.3	56.585	0.0018419	0.0046049	17.683	1.6456	1.1282	0.13897	29.666
1.0733	0.10316	0.013396	31.175	418.54	325.37	33.69	0.0015148	0.003787	45.508	2.4006	0.96865	0.15027	1.0693
1.2492	0.10562	0.0276	30.53	403.76	334.56	35.971	0.0015468	0.003867	31.878	6.4662	0.60205	0.11984	42.681
1.1442	0.093069	0.018955	30.616	411.96	318.31	39.819	0.0023299	0.0058247	43.549	2.8198	1.178	0.088028	23.393
1.4668	0.095392	0.02703	30.838	377.58	327.46	30.131	0.0016055	0.0040138	86.282	5.4088	0.98674	0.16599	44.739
1.4635	0.10623	0.01303	35.568	391.31	294.38	32.602	0.0025124	0.0062811	35.474	2.2536	0.89332	0.11439	53.343
1.2142	0.10333	0.01118	35.951	373.92	437.55	39.133	0.0020486	0.0051214	49.473	4.1142	0.70723	0.1045	59.037
1.1049	0.10008	0.01687	28.627	484.4	380.24	35.498	0.0025682	0.0064206	106.21	2.9716	0.83336	0.088676	70.171
1.1858	0.099609	0.011183	35.298	387.8	351.73	35.871	0.0019169	0.0047923	82.487	4.2839	0.99122	0.112	10.322
1.0319	0.12306	0.014878	28.016	371.29	370.79	38.517	0.001606	0.004015	87.219	3.5276	1.112	0.17135	64.109
1.033	0.09759	0.028943	35.94	398.74	349.85	26.685	0.0023142	0.0057855	17.554	5.6233	0.88819	0.10681	86.941
1.7674	0.10634	0.011518	33.873	511.41	305.62	47.114	0.0027352	0.006838	146.5	1.9925	0.92905	0.31779	23.131
1.3165	0.116	0.021479	31.288	389.6	347.22	26.567	0.0022766	0.0056915	70.669	4.0843	0.6076	0.21063	43.108
1.0015	0.082606	0.011169	27.255	381.07	293.87	33.757	0.001665	0.0041624	53.679	2.1702	0.62246	0.12139	17.692
1.6911	0.086646	0.018539	30.073	387.7	371.5	43.67	0.0022124	0.0055309	68.46	4.8549	1.1924	0.15838	74.125
1.0091	0.10271	0.012179	27.471	413.29	355.39	37.592	0.0013036	0.003259	83.004	2.0161	0.71649	0.1078	71.591
1.1797	0.10275	0.011574	34.125	381.39	290.33	49.436	0.0028654	0.0071636	16.534	2.8185	0.86445	0.077067	3.0251
1.7881	0.096035	0.017428	31.426	353.91	363.95	42.061	0.0024984	0.006246	114.43	3.2908	0.74609	0.1881	15.711
1.2864	0.091076	0.022836	34.641	401.38	363.52	37.459	0.0018528	0.0046319	34.457	4.8153	0.99761	0.10568	65.821
1.0752	0.092579	0.022924	27.406	386.01	361.96	27.255	0.0020361	0.0050902	46.73	2.4408	0.91192	0.2329	60.757
1.5255	0.10801	0.024073	26.771	424.15	330.13	29.534	0.0016051	0.0040128	27.271	3.2505	1.0324	0.11418	65.916
1.6544	0.11019	0.02993	27.807	471.08	299.36	32.483	0.0016837	0.0042094	65.446	2.0709	0.66298	0.098432	44.968
1.1202	0.10453	0.011464	28.08	400.57	349.16	45.557	0.0020803	0.0052007	71.13	4.2484	0.72039	0.18042	19.72
1.7135	0.094222	0.01936	31.792	340.15	346.27	29.612	0.0025072	0.006268	54.531	6.2811	1.1682	0.16255	20.728
1.4079	0.11008	0.010784	34.358	322.31	363.21	36.412	0.0020644	0.005161	78.821	3.8279	1.1696	0.15936	34.837
1.7995	0.086767	0.028748	32.136	437.87	273.18	59.799	0.0017932	0.0044829	22.531	1.9227	1.1787	0.10007	0.48606
1.5905	0.097559	0.023123	26.406	413.92	390.43	54.361	0.0027471	0.0068677	29.432	9.6807	0.98852	0.13099	70.427
1.3821	0.10309	0.02408	28.048	417.71	382.32	44.28	0.0021379	0.0053447	27.279	2.4251	0.62296	0.11724	10.084
1.3718	0.10297	0.012265	31.316	429.55	389.94	40.127	0.0016154	0.0040385	31.571	6.8564	0.67401	0.077536	57.426
1.7553	0.10316	0.021673	31.426	424.23	352.41	41.258	0.0016173	0.0040433	56.523	1.3705	0.77638	0.13309	83.517
1.127	0.083817	0.028387	35.907	357.97	386.66	31.267	0.002183	0.0054575	15.097	2.3508	1.0086	0.088368	5.7667
1.5702	0.098317	0.028732	35.955	387.77	404.98	46.428	0.0014803	0.0037008	128.04	2.1592	0.98657	0.16878	6.7862
1.4371	0.1104	0.019087	28.639	373.24	308.76	36.079	0.0020589	0.0051472	21.483	1.8863	0.71259	0.12882	11.501
1.1982	0.09883	0.02972	29.049	391.64	402.96	35.402	0.0016639	0.0041598	49.587	1.8602	0.85008	0.15181	4.193
1.6184	0.099321	0.02682	29.134	322.52	354.35	32.307	0.0028372	0.0070929	103.43	1.0124	1.0694	0.13767	28.611
1.3676	0.095434	0.017787	32.344	463.97	368.66	32.909	0.001976	0.0049399	18.872	4.2445	0.66738	0.1292	23.208
1.643	0.10425	0.010175	30.462	419.75	309.65	50.664	0.0018418	0.0046045	43.753	3.9785	1.0326	0.13031	27.625
1.2069	0.098579	0.027588	28.495	364.29	354.83	46.077	0.0020815	0.0052039	10.121	4.9022	0.84828	0.12692	91.74
1.7889	0.11422	0.022059	30.899	355.75	371.15	42.693	0.0013416	0.0033541	24.8	6.1221	1.0657	0.10795	37.464
1.5777	0.089015	0.010887	29.668	342.68	306.74	45.602	0.0016643	0.0041608	42.322	3.5159	0.86349	0.11327	62.446
1.2457	0.1026	0.018129	26.393	389.07	356.46	34.349	0.0016422	0.0041056	126.9	4.7929	0.83308	0.069456	49.062
1.5707	0.075747	0.026367	29.998	388.01	300.94	39.151	0.0022741	0.0056852	94.415	4.9602	0.62992	0.15413	71.225
1.5131	0.12082	0.016595	32.15	436.68	309	32.377	0.0024926	0.0062314	98.95	3.9664	0.65333	0.1477	95.248
1.6647	0.088082	0.019304	32.563	330.11	389.81	40.779	0.0019	0.0047499	12.306	1.4479	0.65251	0.11986	19.106
1.6827	0.095504	0.029176	28.062	455	298.62	30.924	0.0020837	0.0052092	45.187	5.0744	0.70523	0.13427	58.913
1.5824	0.11436	0.012889	33.874	355.02	318.4	40.673	0.0019121	0.0047803	40.689	4.7811	0.96903	0.12636	74.527
1.3166	0.109	0.010157	28.752	399.19	245.79	34.721	0.0019438	0.0048596	66.997	2.1667	0.99456	0.14247	31.97
1.1191	0.11133	0.023413	32.342	351.17	367.73	33.985	0.0014849	0.0037121	46.179	3.6502	0.93834	0.10861	11.835
1.1321	0.099551	0.027098	27.418	359.38	348.81	25.589	0.0015986	0.0039965	64.289	5.9351	1.0264	0.135	63.082
1.7902	0.097852	0.022102	30.762	442.65	351.24	59.108	0.0020887	0.0052216	56.774	1.6511	1.1851	0.13452	90.057
1.1925	0.11561	0.01456	35.681	331.69	357.01	35.311	0.0021719	0.0054297	79.189	2.5236	0.69144	0.12399	41.532
1.7461	0.10355	0.029327	28.587	349.47	360.33	38.853	0.0022662	0.0056656	31.803	2.2514	0.65572	0.22621	28.646
1.0837	0.086497	0.022605	30.606	513.55	339.57	49.783	0.0021015	0.0052537	54.431	3.6889	0.73655	0.14858	94.3
1.7628	0.10247	0.013905	32.593	400.01	406.41	47.255	0.0023539	0.0058846	27.626	3.7156	0.65315	0.15721	32.72
1.0213	0.10194	0.023601	30.2	316.84	278.88	47.861	0.0017689	0.0044224	65.439	2.4171	1.0245	0.079627	99.722
1.554	0.10001	0.013037	29.287	452.41	382.37	39.678	0.0018183	0.0045458	53.061	4.2942	1.1827	0.11197	97.233
1.2105	0.097844	0.011861	34.392	380.85	360.17	44.327	0.00194	0.0048501	24.393	2.0053	0.83679	0.23052	75.712
1.4449	0.084469	0.022739	28.532	420.24	331.29	38.54	0.0019392	0.0048479	26.161	3.0255	0.92343	0.12683	13.257
1.1642	0.10033	0.017866	31.279	369.84	390.2	43.275	0.001964	0.00491	22.93	3.5552	0.86572	0.10408	15.618
1.7306	0.099184	0.011357	35.632	373.8	315.24	39.796	0.001984	0.00496	18.581	1.6542	1.0886	0.09987	81.237
1.2322	0.10451	0.02537	35.736	368.12	358.78	39.19	0.001498	0.003745	19.462	4.5811	1.1722	0.14413	97.823
1.2125	0.10414	0.014484	27.094	456.49	287.05	34.572	0.0017135	0.0042838	44.148	2.2109	1.1015	0.16327	40.08
1.4053	0.099213	0.028204	32.374	438.1	312.1	63.644	0.0019389	0.0048472	50.837	3.4565	0.77337	0.13184	11.045
1.465	0.09762	0.014403	34.419	390.91	306.25	44.188	0.0015746	0.0039365	18.777	4.2254	1.0945	0.1168	55.069
1.0234	0.09102	0.020675	34.125	445.91	318.73	36.252	0.001469	0.0036725	77.662	5.1709	1.1964	0.099654	63.754
1.0494	0.10443	0.016871	30.739	399.98	379.77	33.954	0.0019232	0.0048079	36.177	7.2892	1.0409	0.19413	79.106
1.7964	0.094415	0.019952	28.4	357.86	378.44	41.699	0.0021226	0.0053066	205.11	3.486	0.72308	0.063164	5.839
1.4834	0.082581	0.015549	27.129	447.91	348.25	30.128	0.0022362	0.0055906	75.676	2.7552	1.0297	0.083366	36.828
1.2314	0.084251	0.015939	27.482	493.85	377.37	35.002	0.0018488	0.0046221	23.547	3.1363	0.914	0.094464	38.116
1.2911	0.10818	0.015794	33.657	376.71	382.25	26.747	0.0018486	0.0046214	29.466	2.8098	0.77081	0.16225	69.105
1.6062	0.10073	0.011385	29.427	388.13	327.75	30.583	0.0018895	0.0047239	48.813	2.0439	0.7174	0.10623	56.905
1.6857	0.097398	0.020878	30.513	349.35	337.75	52.566	0.0021005	0.0052513	27.442	5.2938	0.74846	0.19478	30.617
1.7423	0.090971	0.010359	28.722	315.21	305.38	38.193	0.0027222	0.0068056	28.716	1.2666	0.7205	0.090149	79.917
1.413	0.10499	0.02724	31.08	410.06	320.05	41.412	0.0019965	0.0049913	21.076	0.81843	0.76856	0.088997	39.21
1.6151	0.099491	0.018236	35.036	382.03	349.11	33.836	0.0023672	0.005918	17.478	5.331	1.1727	0.128	94.508
1.6329	0.10718	0.014569	30.434	433.02	404.54	44.167	0.0026099	0.0065246	27.681	2.3377	0.82087	0.15689	25.79
1.4942	0.11598	0.018769	34.26	449.55	319.17	53.082	0.00177	0.0044251	145.68	4.034	0.73405	0.11944	56.862
1.7931	0.099023	0.018828	35.749	444.3	378.08	47.104	0.0017817	0.0044542	82.925	8.1316	0.99781	0.10596	16.075
1.7022	0.083951	0.015574	26.032	415.44	381.37	32.838	0.0024355	0.0060888	50.366	5.0872	0.84053	0.16536	72.1
1.5541	0.10942	0.012925	26.21	351.72	292.04	51.192	0.0029016	0.007254	40.669	1.6086	1.0718	0.12194	87.385
1.6102	0.079973	0.013413	26.092	382.57	344.78	34.031	0.0018123	0.0045308	38.879	2.2152	0.69566	0.14102	57.452
1.6027	0.098871	0.022138	29.364	368.73	298.29	32.597	0.0016113	0.0040284	47.635	3.7796	1.1157	0.12991	91.436
1.7594	0.10143	0.028565	30.15	442.01	429.33	40.04	0.0015568	0.0038919	22.167	1.5839	0.60054	0.077911	66.823
1.4562	0.09234	0.026076	34.577	480.16	393.7	21.285	0.0023255	0.0058138	53.138	2.1693	0.94172	0.08238	43.594
1.0822	0.081828	0.016304	32.196	369.19	341.93	40.524	0.0019848	0.004962	57.876	2.2724	1.0805	0.11678	98.823
1.4768	0.10488	0.015151	33.197	434.89	409.6	26.56	0.0024571	0.0061427	126.36	2.5423	0.62384	0.11337	23.328
1.7481	0.10115	0.015202	33.288	376.94	335.09	40.527	0.0020079	0.0050197	30.359	2.224	0.82437	0.19871	22.668
1.7708	0.08485	0.019506	33.716	369.08	343.37	45.693	0.0021868	0.0054669	12.568	4.6476	0.99727	0.13424	41.876
1.5243	0.084225	0.018921	28.934	411.63	285.26	40.705	0.0022036	0.0055091	15.533	3.0861	0.83408	0.22716	19.608
1.5702	0.10615	0.011549	34.988	366.08	402.81	32.976	0.0013385	0.0033462	94.83	3.5746	0.67467	0.16078	13.687
1.6822	0.077783	0.02649	35.932	356.05	315.88	46.941	0.0014477	0.0036193	77.703	2.5509	0.94641	0.14216	13.814
1.4228	0.11273	0.019929	35.69	397.51	314.7	35.915	0.0020302	0.0050756	55.056	2.747	0.77898	0.10162	25.733
1.1132	0.11367	0.02086	35.165	407.14	328.62	37.957	0.0020749	0.0051872	54.975	3.1509	1.0417	0.17414	28.676
1.6081	0.099993	0.01383	30.355	294.4	312.98	51.463	0.0020634	0.0051584	63.226	1.5155	1.1555	0.12676	41.202
1.5601	0.10685	0.022865	29.192	375.57	321.73	36.785	0.0019154	0.0047886	61.529	3.4461	1.1869	0.12654	20.5
1.2248	0.10011	0.021153	32.204	435.37	291.81	37.02	0.0019125	0.0047812	86.754	3.457	0.61539	0.16754	33.953
1.3597	0.10052	0.014997	33.02	394.87	317.17	32.184	0.0014565	0.0036411	33.197	3.2124	1.1476	0.1101	50.342
1.6757	0.10011	0.014441	27.353	403.52	319.37	38.728	0.0018748	0.0046869	36.875	2.6327	0.84029	0.15884	92.076
1.2818	0.11223	0.025201	35.83	478.11	273.91	33.814	0.0018805	0.0047013	21.912	2.9457	0.98579	0.10015	92.465
1.7695	0.095317	0.010147	35.941	419.34	377.9	52.538	0.0025016	0.0062541	83.098	1.4526	1.0909	0.13381	42.912
1.0468	0.11953	0.011767	28.734	389.02	357.56	41.531	0.0017926	0.0044814	33.109	4.2015	1.1887	0.18068	12.764
1.138	0.093634	0.012817	33.625	457.4	322.01	41.089	0.0017621	0.0044052	75.135	3.0417	0.9132	0.13195	40.967
1.3114	0.10434	0.01076	29.53	432.58	352.68	38.657	0.0016955	0.0042388	175.15	2.2826	0.60614	0.085142	99.594
1.6463	0.094586	0.023446	33.15	400.17	361.02	28.988	0.0016986	0.0042465	28.241	2.2453	1.1996	0.16289	96.272
1.2463	0.10118	0.015445	33.819	351.95	298.68	44.485	0.0020942	0.0052355	64.468	2.6464	1.082	0.12237	81.974
1.0633	0.11017	0.022898	34.271	346.58	335.72	48.073	0.0015081	0.0037704	72.904	2.7539	1.0252	0.096558	65.864
1.67	0.10038	0.013423	31.377	467.6	356.75	39.759	0.0029072	0.0072681	61.071	3.6631	0.98813	0.11813	1.4906
1.5224	0.10405	0.015466	27.84	379.73	399.78	42.711	0.0017499	0.0043747	20.177	1.8835	0.91696	0.14142	38.521
1.7589	0.11335	0.010527	28.691	377.78	300.65	30.293	0.0021828	0.005457	50.804	3.7123	0.8137	0.24189	39.544
1.1736	0.11363	0.027997	31.436	419.51	356.51	45.572	0.0027784	0.006946	124.74	4.4515	1.0286	0.089232	8.5751
1.4768	0.073201	0.011447	32.497	402.17	358.21	32.586	0.0018429	0.0046073	32.915	2.8217	1.1713	0.16144	99.663
1.3584	0.093162	0.012111	32.463	423.79	376.42	22.048	0.0023836	0.0059589	71.443	2.9566	0.77997	0.084933	60.407
1.0633	0.099299	0.011785	31.85	379.24	396.65	53.773	0.0023035	0.0057587	60.759	1.3965	1.0695	0.1077	40.201
1.6651	0.10095	0.020182	32.859	477.25	365.66	54.711	0.0022064	0.005516	48.523	3.2206	1.1225	0.07507	42.839
1.5906	0.090354	0.013222	34.077	323.2	342.4	39.435	0.0021031	0.0052577	109.63	2.1738	1.1984	0.11941	90.604
1.2887	0.093073	0.014151	32.019	373.88	376.43	33.413	0.0018629	0.0046573	26.532	3.9625	1.1433	0.19111	96.862
1.1302	0.084834	0.021872	35.857	358.42	337.64	38.745	0.0022903	0.0057257	32.575	2.6186	0.9219	0.14192	72.862
1.6871	0.081353	0.010047	27.99	418.47	364.58	47.432	0.0021763	0.0054408	10.291	1.5827	1.1611	0.14059	51.448
1.0251	0.096157	0.023713	34.596	496.2	298.12	33.918	0.0012595	0.0031488	55.838	1.9605	1.1343	0.10955	50.578
1.1736	0.11791	0.012248	29.908	386.16	373.87	41.666	0.0030152	0.0075379	96.354	2.1191	0.9218	0.086631	41.137
1.2105	0.091747	0.028582	30.401	377.39	400.56	44.099	0.0021586	0.0053964	49.157	3.6827	0.91641	0.12971	57.147
1.5997	0.11794	0.019261	27.313	395.09	354.75	42.895	0.002293	0.0057325	39.473	2.5317	0.92515	0.090407	96.52
1.0431	0.083963	0.021496	32.582	455.79	358.42	40.02	0.0016495	0.0041238	46.065	2.8127	1.0244	0.13694	25.274
1.0125	0.10989	0.015461	31.064	334.04	335.38	26.471	0.0017159	0.0042898	33.279	6.6799	0.60383	0.20823	4.9073
1.6038	0.076627	0.010123	26.161	387.84	347.46	26.074	0.0022695	0.0056737	68.144	7.1641	0.60757	0.10303	38.887
1.4985	0.09111	0.016908	32.537	391.67	365.38	35.8	0.0018413	0.0046032	124.41	2.9761	1.045	0.11423	61.392
1.4267	0.097477	0.026254	30.597	388.21	342.2	35.599	0.0021493	0.0053731	51.882	3.6923	0.84924	0.1186	86.5
1.6591	0.11539	0.017443	28.687	337.82	361.95	34.936	0.0021411	0.0053527	45.093	3.6009	0.98486	0.088071	55.551
1.2061	0.10725	0.02682	35.622	358.78	322.48	33.161	0.0019925	0.0049811	60.114	2.2131	0.84433	0.10825	24.637
1.6381	0.10267	0.028215	26.068	441.48	340.5	30.897	0.0016531	0.0041327	32.717	3.1156	1.1986	0.10044	63.097
1.5585	0.10521	0.021832	27.57	377.44	331.9	37.782	0.0019138	0.0047846	27.542	3.9132	0.85374	0.064114	50.226
1.0084	0.10921	0.02223	31.329	373.3	398.19	48.806	0.0024435	0.0061088	151.7	1.0895	0.65839	0.11461	13.446
