rebarYieldCurvature	coreOneThirdCrushCurvature	coreTwoThirdCrushCurvature	ultimateCurvature
0.0012807	0.0064035	0.014515	0.021914
0.0031086	0.019688	0.041103	0.059063
0.001764	0.006664	0.015092	0.022736
0.002382	0.0097662	0.021438	0.032157
0.00224	0.008736	0.020608	0.03136
0.0016	0.00608	0.01472	0.02288
0.0015426	0.007713	0.018168	0.027938
0.0011791	0.0052916	0.010152	0.012395
0.002124	0.0059	0.013924	0.021476
0.001065	0.0041535	0.01033	0.016188
0.0017721	0.007876	0.017524	0.0254
0.0034336	0.021889	0.043778	0.063951
0.0039258	0.017448	0.036205	0.053653
0.002671	0.011218	0.02484	0.03686
0.0013977	0.0060567	0.015219	0.023295
0.002296	0.01125	0.025945	0.038802
0.0009724	0.003094	0.0083096	0.013614
0.0016209	0.0059433	0.013327	0.019271
0.0023877	0.0092855	0.019632	0.029448
0.0028688	0.021157	0.04088	0.060962
0.001488	0.0056544	0.01369	0.020981
0.0018819	0.0054366	0.012546	0.017774
0.0024138	0.0061686	0.014215	0.021724
0.002853	0.008559	0.019971	0.029957
0.0039024	0.019078	0.038157	0.056802
0.0012144	0.00552	0.013248	0.019651
0.00134	0.004422	0.011256	0.016884
0.002257	0.0069967	0.017153	0.026633
0.0013344	0.0058936	0.015679	0.02224
0.0012897	0.0047289	0.011034	0.016336
0.0035172	0.028528	0.056666	0.080505
0.0038133	0.015677	0.033049	0.047878
0.0025614	0.0073996	0.016222	0.024476
0.0022023	0.007341	0.016395	0.02447
0.0032148	0.019646	0.042507	0.061796
0.0014148	0.0040872	0.0099036	0.014934
0.0022644	0.018367	0.035979	0.052836
0.0023254	0.007399	0.017969	0.028328
0.0007348	0.0029392	0.0077488	0.012492
0.0029979	0.016655	0.032977	0.048633
0.001713	0.0053103	0.012676	0.020042
0.001546	0.0035558	0.0091214	0.014378
0.001466	0.0054242	0.013047	0.020524
0.0022752	0.013651	0.027587	0.040669
0.0016371	0.0089131	0.019099	0.028013
0.00244	0.013725	0.027145	0.039955
0.003351	0.013069	0.028819	0.043228
0.0023931	0.0087747	0.019145	0.028451
0.001913	0.0063129	0.014347	0.020852
0.0023121	0.012074	0.024406	0.036223
0.0035361	0.018073	0.035754	0.052256
0.001371	0.0046614	0.011105	0.016726
0.0020151	0.0071648	0.016121	0.023509
0.002981	0.008943	0.020867	0.031301
0.0030267	0.010425	0.020851	0.027913
0.0026728	0.017373	0.035415	0.051785
0.002936	0.020919	0.042205	0.061656
0.0007872	0.0031488	0.0068224	0.0082656
0.002248	0.012814	0.025852	0.035294
0.0022904	0.0071575	0.016033	0.024622
0.0024948	0.0065772	0.015649	0.024041
0.0018009	0.0050025	0.011206	0.014207
0.0039416	0.016752	0.033504	0.04927
0.001516	0.0072768	0.017131	0.025772
0.001253	0.0031325	0.0081445	0.012655
0.002352	0.012348	0.025284	0.037044
0.001842	0.00921	0.020815	0.030577
0.000988	0.0041496	0.010176	0.01561
0.0022176	0.008624	0.018973	0.028336
0.0018278	0.0042649	0.010741	0.014623
0.0022032	0.0088128	0.018176	0.026438
0.0033471	0.022686	0.043884	0.065083
0.0012528	0.0052896	0.012528	0.018792
0.0028206	0.012223	0.024759	0.036354
0.0031059	0.021396	0.045208	0.06764
0.0007032	0.0028128	0.0073836	0.011544
0.0016	0.00496	0.01168	0.01744
0.0014685	0.006942	0.016421	0.02403
0.001274	0.005096	0.012358	0.018983
0.0016074	0.004465	0.010895	0.016788
0.001568	0.0075264	0.018973	0.027283
0.0013167	0.0059983	0.013313	0.019751
0.0018786	0.0048788	0.012337	0.018085
0.0013598	0.0040794	0.012029	0.019456
0.0010448	0.0033204	0.0065407	0.0080291
0.0019746	0.0094342	0.021501	0.032471
0.0022707	0.0052983	0.013372	0.020689
0.0013618	0.0044568	0.011761	0.018941
0.001459	0.0037934	0.0096294	0.01459
0.002277	0.008096	0.017963	0.026565
0.0025668	0.0082708	0.017682	0.025668
0.0027568	0.013439	0.028602	0.040663
0.0026037	0.017069	0.036452	0.054967
0.0013373	0.0038558	0.0098735	0.014153
0.0009537	0.0044319	0.012847	0.016774
0.0023742	0.012399	0.026908	0.040361
0.001417	0.0060931	0.014595	0.020688
0.0019026	0.0059192	0.013952	0.020929
0.0017688	0.005159	0.013561	0.021963
0.0019116	0.0087084	0.019328	0.027824
0.0025146	0.008382	0.020117	0.029896
0.000618	0.0021424	0.00618	0.010547
0.001669	0.0046732	0.011015	0.015856
0.0024579	0.01147	0.023214	0.033318
0.0027008	0.014179	0.029034	0.0422
0.00081439	0.0030815	0.0077917	0.010345
0.002329	0.0081515	0.019098	0.027016
0.0007515	0.0026553	0.0076152	0.011874
0.001389	0.0045837	0.011668	0.017918
0.0024606	0.01367	0.029801	0.044017
0.002061	0.008702	0.019007	0.027938
0.001501	0.0055537	0.012759	0.018462
0.0022779	0.010377	0.023032	0.034422
0.0020214	0.006738	0.014374	0.020214
0.0022472	0.0089888	0.020787	0.030899
0.0013671	0.0041013	0.0077469	0.0095697
0.0025479	0.010192	0.022648	0.033123
0.0023337	0.007779	0.017114	0.025671
0.001894	0.0068184	0.015341	0.021781
0.0019962	0.0082066	0.018409	0.025285
0.0022432	0.010094	0.020469	0.028881
0.0017532	0.0083764	0.018701	0.027272
0.001972	0.01124	0.025833	0.037468
0.0013682	0.003605	0.0078399	0.0097944
0.0022185	0.011339	0.024896	0.035743
0.0014487	0.0071118	0.017648	0.025286
0.0036495	0.019464	0.038117	0.057175
0.0016686	0.0063036	0.014647	0.022433
0.002097	0.00699	0.015611	0.023067
0.001481	0.0037025	0.0091822	0.014366
0.001431	0.0061533	0.013451	0.018031
0.0033498	0.022704	0.046153	0.066624
0.0020421	0.0063532	0.014748	0.022236
0.001331	0.0041457	0.0060658	0.007375
0.001386	0.003696	0.009856	0.015246
0.0009456	0.0037036	0.0096136	0.015051
0.0033584	0.02183	0.04282	0.06213
0.0038313	0.020859	0.04257	0.062578
0.0011088	0.0034188	0.0053592	0.0052668
0.0041652	0.029619	0.059238	0.085618
0.0030384	0.014179	0.029034	0.041525
0.0022704	0.012771	0.025826	0.038029
0.002007	0.007582	0.016056	0.023638
0.0017496	0.010498	0.023328	0.034409
0.0025659	0.013685	0.02908	0.042195
0.0013032	0.0037648	0.008688	0.011584
0.0024129	0.0099197	0.02252	0.033244
0.00094142	0.0033218	0.007222	0.0091586
0.0021878	0.0066676	0.01521	0.020107
0.0019832	0.009916	0.020328	0.0295
0.0019782	0.0072534	0.016925	0.024837
0.0029142	0.010038	0.022342	0.033351
0.001974	0.00987	0.022701	0.033361
0.001364	0.0038192	0.009548	0.014868
0.001877	0.0043171	0.010323	0.014265
0.00085301	0.0023818	0.0066801	0.0093277
0.0025407	0.0079044	0.016656	0.024278
0.0010712	0.0032136	0.0091464	0.01475
0.0017865	0.0069475	0.015483	0.022828
0.0016047	0.0056165	0.012591	0.015492
0.0031653	0.016882	0.035522	0.051348
0.0021141	0.0068121	0.015034	0.02255
0.002264	0.0074712	0.017659	0.026262
0.0015777	0.0071873	0.015426	0.022614
0.0011843	0.0026965	0.0074518	0.012043
0.0020712	0.012427	0.024854	0.036764
0.0016614	0.0070148	0.015876	0.023444
0.0028467	0.013285	0.028783	0.043017
0.0006765	0.0027675	0.007503	0.011132
0.001755	0.0054405	0.012811	0.019305
0.0024344	0.011868	0.02404	0.034994
0.00173	0.005709	0.013494	0.019722
0.0031068	0.015879	0.032449	0.047292
0.0027882	0.021996	0.04585	0.067846
0.001288	0.005152	0.011206	0.015327
0.003	0.0165	0.03225	0.047625
0.0015309	0.0061236	0.014288	0.021092
0.0021438	0.010004	0.021914	0.03311
0.0024176	0.010879	0.022061	0.03294
0.0016101	0.0055459	0.012344	0.018248
0.0015928	0.004344	0.011005	0.015928
0.0023067	0.0069201	0.016147	0.025117
0.0013653	0.0056129	0.013046	0.019873
0.0034965	0.017871	0.037296	0.05439
0.001503	0.0048096	0.012024	0.019088
0.0011934	0.0036124	0.0097083	0.013788
0.0021456	0.0076288	0.017403	0.025986
0.002897	0.0084013	0.018831	0.027811
0.00094238	0.0028687	0.0074559	0.011697
0.0027738	0.014485	0.032361	0.048696
0.0009024	0.0042864	0.01128	0.018424
0.0012978	0.0038934	0.0098056	0.014997
0.001482	0.003762	0.009804	0.015846
0.0022356	0.011675	0.02633	0.038999
0.0025884	0.01438	0.030773	0.045153
0.0033723	0.03185	0.063324	0.092926
0.0040209	0.024527	0.048652	0.069159
0.0027016	0.022626	0.047278	0.069566
0.0018864	0.0056592	0.012366	0.018445
0.002719	0.0092446	0.021752	0.032628
0.0022113	0.0071253	0.016216	0.024324
0.0029178	0.012968	0.025612	0.037931
0.0006465	0.0031894	0.0084476	0.012887
0.0024264	0.0072792	0.015367	0.022377
0.0025074	0.0072436	0.016716	0.025074
0.0005798	0.002676	0.0073144	0.011596
0.001731	0.0064047	0.01506	0.023022
0.0011622	0.0029308	0.0079335	0.012667
0.001211	0.0038752	0.009688	0.015016
0.0015552	0.0060264	0.01458	0.022745
0.0025056	0.015869	0.03313	0.048998
0.0023787	0.0071361	0.015594	0.023523
0.00224	0.009856	0.01904	0.025088
0.0011167	0.0030581	0.0075251	0.011184
0.0020655	0.006885	0.015606	0.023868
0.0037512	0.04043	0.080859	0.11962
0.0011331	0.0049101	0.011331	0.016619
0.0020025	0.00712	0.016242	0.02403
0.001289	0.0047693	0.011601	0.017917
0.0016839	0.0043033	0.0099163	0.01422
0.002412	0.008308	0.017956	0.026532
0.0018261	0.0062899	0.015218	0.023739
0.0021771	0.0079827	0.018384	0.027818
0.0036198	0.016892	0.035394	0.052688
0.0012913	0.0042654	0.010487	0.014713
0.001747	0.0055904	0.013452	0.020615
0.0025664	0.014436	0.028872	0.042025
0.002031	0.006093	0.014217	0.020107
0.003141	0.014309	0.028967	0.042229
0.0024723	0.0063181	0.014834	0.021701
0.0043209	0.015843	0.034087	0.04897
0.000817	0.0035948	0.0085785	0.011438
0.0011868	0.0034005	0.0084214	0.011183
0.0020304	0.010152	0.021065	0.029948
0.001064	0.004256	0.010868	0.015732
0.003608	0.024354	0.050512	0.073964
0.0036045	0.017622	0.037647	0.055669
0.0022347	0.0076973	0.016636	0.024085
0.0033993	0.020774	0.042302	0.061943
0.0010848	0.003616	0.009492	0.014826
0.002142	0.0068544	0.017564	0.026561
0.0012267	0.0053157	0.012403	0.018401
0.0030681	0.021136	0.04159	0.06068
0.001572	0.0059736	0.014305	0.020593
0.00243	0.01053	0.02349	0.03402
0.0034002	0.017757	0.037024	0.054781
0.0017793	0.0057333	0.013839	0.020956
0.0018848	0.012016	0.025209	0.036754
0.0018792	0.0089784	0.020045	0.029858
0.002571	0.011827	0.024939	0.036765
0.0036416	0.02185	0.04461	0.064638
0.0017145	0.005715	0.013907	0.021146
0.0020898	0.0078948	0.018344	0.028096
0.0022266	0.010638	0.023503	0.035626
0.0041868	0.020469	0.041403	0.060941
0.0035712	0.025395	0.052378	0.076979
0.0024849	0.017394	0.035065	0.052459
0.0010989	0.0034965	0.0091908	0.014585
0.001087	0.0041306	0.010544	0.016522
0.002189	0.0074426	0.017512	0.025174
0.001257	0.0040224	0.010056	0.015461
0.0021777	0.0070169	0.012202	0.014967
0.0032499	0.023471	0.049471	0.074387
0.0023968	0.010186	0.020672	0.03026
0.0020862	0.008113	0.018544	0.027584
0.0015948	0.0042528	0.009746	0.013822
0.001464	0.004392	0.010541	0.014494
0.0012496	0.0043168	0.011133	0.01704
0.0009061	0.0040426	0.010873	0.015892
0.0016595	0.0035331	0.0088595	0.013463
0.002709	0.018662	0.038528	0.056287
0.0027477	0.012823	0.026866	0.038773
0.0018936	0.010178	0.02083	0.030534
0.000763	0.0029757	0.0072485	0.0095375
0.0012	0.00384	0.00948	0.01464
0.0032481	0.014075	0.029955	0.044752
0.003278	0.015079	0.032452	0.047859
0.002035	0.0063085	0.016484	0.026048
0.0027369	0.009123	0.019766	0.029498
0.0032328	0.014009	0.029454	0.043463
0.0023337	0.0070011	0.015558	0.023337
0.001799	0.005397	0.013492	0.021228
0.0019917	0.0053112	0.012835	0.019474
0.0017523	0.0048675	0.010514	0.014992
0.0022072	0.010208	0.022348	0.032832
0.0008591	0.0036707	0.0098406	0.014527
0.0011374	0.004136	0.01034	0.0152
0.0012933	0.0047421	0.0097716	0.012646
0.0038115	0.016516	0.035574	0.05209
0.002148	0.009666	0.023198	0.034798
0.0036968	0.034195	0.069315	0.10259
0.001513	0.0052955	0.013314	0.01982
0.0008118	0.0031734	0.0084132	0.013136
0.00095813	0.0035389	0.0090867	0.012981
0.003138	0.011924	0.027301	0.040794
0.001611	0.0051552	0.012566	0.019171
0.0016587	0.0049545	0.011137	0.013722
0.0017991	0.0063968	0.014193	0.021189
0.0008272	0.0025568	0.0065424	0.010152
0.001609	0.008045	0.01786	0.026548
0.0025821	0.014919	0.029264	0.043035
0.0028314	0.011011	0.022651	0.033662
0.0015435	0.0060025	0.013206	0.019551
0.0007368	0.0036226	0.0093942	0.014675
0.0022856	0.013142	0.025999	0.038569
0.001677	0.0065403	0.015932	0.02331
0.0037881	0.017257	0.036618	0.055138
0.00084858	0.0029539	0.0077661	0.010892
0.0026505	0.010896	0.023855	0.03534
0.002064	0.01032	0.023942	0.035914
0.0029421	0.010134	0.022556	0.034325
0.0020925	0.0067425	0.016275	0.024645
0.00143	0.005148	0.012155	0.017589
0.0030512	0.025935	0.052252	0.077043
0.0025384	0.018086	0.03522	0.05172
0.001636	0.0063804	0.015051	0.023068
0.0007397	0.0029019	0.0075108	0.010185
0.0004305	0.0030135	0.0082943	0.0085813
0.0033633	0.023917	0.049328	0.073245
0.0026082	0.020866	0.042021	0.061727
0.001632	0.0058752	0.014035	0.020563
0.001733	0.0058922	0.014384	0.021489
0.001759	0.0068601	0.015831	0.023571
0.0015795	0.005616	0.012987	0.01913
0.001604	0.0078596	0.019408	0.029995
0.0022572	0.0090288	0.020816	0.031601
0.0027486	0.018019	0.035121	0.051613
0.0029232	0.01827	0.037271	0.055906
0.002651	0.011134	0.024389	0.035523
0.0012519	0.0033384	0.0080678	0.012658
0.0036054	0.014822	0.030846	0.045668
0.001979	0.0061349	0.01227	0.01603
0.0022257	0.0071717	0.01558	0.022257
0.0013229	0.0029871	0.0078945	0.012674
0.0020781	0.0073888	0.016625	0.025168
0.002556	0.00852	0.018176	0.025844
0.0013968	0.0045396	0.012222	0.019788
0.00139	0.003614	0.008896	0.013761
0.0020427	0.0061281	0.016527	0.026184
0.0031336	0.024677	0.048962	0.070506
0.0013508	0.0044208	0.01142	0.017315
0.001101	0.0039636	0.0092484	0.013432
0.0012564	0.0046068	0.01047	0.014798
0.0026217	0.013109	0.027674	0.041365
0.001523	0.0048736	0.011423	0.017362
0.002961	0.016779	0.033558	0.049679
0.0029808	0.013579	0.029477	0.04405
0.00115	0.003795	0.0092	0.013915
0.0008712	0.0026136	0.0065736	0.010454
0.0015039	0.005013	0.01153	0.015874
0.001386	0.0040425	0.010857	0.016401
0.0017343	0.0088642	0.019848	0.029868
0.00216	0.006264	0.014688	0.021816
0.001953	0.005642	0.013237	0.019313
0.003452	0.02589	0.051348	0.076375
0.0029367	0.013705	0.028388	0.04144
0.0032949	0.016474	0.035146	0.051986
0.0014814	0.0059256	0.013003	0.018764
0.0019026	0.0065534	0.015432	0.023677
0.002205	0.01127	0.025725	0.038465
0.002711	0.0094885	0.022501	0.034159
0.0028704	0.023681	0.04772	0.070684
0.0014448	0.0049392	0.012348	0.017035
0.003205	0.015064	0.03205	0.048396
0.0016008	0.0031473	0.0083023	0.013539
0.001795	0.006462	0.014899	0.022797
0.0035793	0.028634	0.058462	0.084312
0.0008668	0.0030732	0.0083528	0.013396
0.002047	0.0092115	0.018014	0.022517
0.0032193	0.020031	0.038632	0.056517
0.0017154	0.0070522	0.016201	0.024778
0.0021726	0.008449	0.019071	0.028244
0.0009646	0.0052682	0.013727	0.021666
0.0016344	0.0061744	0.01362	0.019976
0.0020115	0.0055875	0.012069	0.017656
0.0031491	0.017495	0.038489	0.057734
0.0018459	0.010255	0.021741	0.032611
0.001807	0.0083122	0.019154	0.028731
0.0021536	0.0061916	0.012922	0.018575
0.0015705	0.004886	0.012215	0.019195
0.0030096	0.014379	0.028758	0.042134
0.0026703	0.012461	0.026703	0.038868
0.00087142	0.0026648	0.0068451	0.0095477
0.0031635	0.025659	0.050967	0.072761
0.0023715	0.010013	0.020553	0.029512
0.0025866	0.013795	0.027303	0.039949
0.0032553	0.020617	0.041234	0.060404
0.0013644	0.0063672	0.014705	0.022588
0.0030032	0.017644	0.034912	0.052181
0.0022482	0.0072442	0.016487	0.024231
0.0028071	0.014035	0.030254	0.045226
0.0019359	0.0081738	0.016778	0.023446
0.0013212	0.0055784	0.013065	0.01835
0.0023004	0.012524	0.026838	0.039362
0.000943	0.003772	0.0099015	0.015748
0.0008112	0.0027716	0.007436	0.0121
0.0017552	0.012725	0.02545	0.037079
0.0015867	0.0045838	0.010754	0.01622
0.0012898	0.00381	0.0096838	0.014744
0.002151	0.008604	0.019359	0.02868
0.0031248	0.022915	0.045483	0.065621
0.001645	0.008883	0.019246	0.02813
0.0007968	0.0024568	0.0070384	0.010956
0.002259	0.010617	0.023494	0.035466
0.0017073	0.0068292	0.015176	0.022954
0.0014412	0.0045638	0.012611	0.020177
0.001972	0.0096135	0.020459	0.030812
0.0017809	0.0063141	0.015542	0.022342
0.0010442	0.0034911	0.009211	0.013824
0.0010824	0.0041492	0.011546	0.017499
0.0025744	0.013516	0.026709	0.03926
0.0031635	0.021793	0.04464	0.065379
0.0013143	0.003943	0.0097978	0.014936
0.0016995	0.004635	0.010815	0.014214
0.0022059	0.0085785	0.019118	0.027941
0.0031041	0.010002	0.020694	0.029661
0.0022923	0.0089145	0.019612	0.027762
0.003086	0.01111	0.023454	0.03302
0.0015456	0.0050232	0.013266	0.020222
0.0017448	0.0091602	0.019629	0.029007
0.0023652	0.011038	0.024178	0.036529
0.003264	0.018768	0.039168	0.057936
0.001665	0.0061605	0.014486	0.021645
0.0015201	0.0064182	0.014863	0.022295
0.0020637	0.0089427	0.018573	0.027287
0.001064	0.004256	0.010853	0.017343
0.0021726	0.0070006	0.015932	0.023657
0.0013887	0.0044747	0.010955	0.017127
0.0024957	0.0097055	0.021629	0.032444
0.0018356	0.003846	0.0096734	0.01384
0.0021256	0.007971	0.017271	0.025242
0.000781	0.0035926	0.0092939	0.014995
0.0007943	0.0027495	0.0076986	0.013014
0.0012105	0.006187	0.014526	0.02152
0.0008283	0.0033885	0.0083583	0.012048
0.0018711	0.0060291	0.013098	0.018711
0.0026469	0.01147	0.024116	0.036174
0.0013145	0.0056165	0.015177	0.023064
0.0025119	0.013118	0.028189	0.042702
0.002025	0.008325	0.018225	0.027
0.0018448	0.0094546	0.019601	0.028825
0.0023904	0.011653	0.023306	0.034063
0.0021942	0.013897	0.028281	0.040715
0.0019755	0.007902	0.016463	0.023047
0.0025254	0.010382	0.022167	0.03283
0.003219	0.012232	0.026718	0.039916
0.001289	0.0046404	0.011859	0.018046
0.0021276	0.0087468	0.018912	0.028132
0.0025092	0.008364	0.018958	0.028159
0.0021528	0.009568	0.020332	0.028943
0.0005408	0.002912	0.007904	0.012147
0.00245	0.00539	0.012495	0.018375
0.0015444	0.0041184	0.010639	0.016817
0.0037008	0.025494	0.050989	0.073605
0.0028278	0.010683	0.023879	0.034562
0.0014707	0.0048951	0.012227	0.017671
0.0006456	0.0032818	0.0083928	0.012482
0.0014641	0.0043923	0.011713	0.017968
0.0024893	0.0081468	0.017651	0.023309
0.0024784	0.011153	0.023545	0.034388
0.0019863	0.0092694	0.020746	0.030677
0.0011691	0.0041568	0.010262	0.015718
0.0034983	0.015937	0.033039	0.049365
0.0006028	0.0042744	0.011453	0.016385
0.0021573	0.011985	0.025888	0.039311
0.002796	0.012302	0.028799	0.043058
0.0023778	0.0058124	0.013738	0.020608
0.0008866	0.0033046	0.008866	0.014024
0.000702	0.004212	0.011232	0.016146
0.001829	0.0064015	0.016095	0.024874
0.0016056	0.0058872	0.014629	0.0223
0.0032625	0.011237	0.022113	0.029362
0.002749	0.011821	0.027765	0.04261
0.002047	0.0077786	0.018218	0.027634
0.0012584	0.0033176	0.0086944	0.013728
0.003789	0.018945	0.039574	0.057677
0.0032859	0.034685	0.069369	0.1004
0.0016856	0.01201	0.026337	0.039401
0.0014472	0.0053064	0.012864	0.019135
0.001222	0.0040326	0.010265	0.015886
0.0014463	0.006428	0.014945	0.022498
0.0026271	0.013719	0.028898	0.043201
0.0016047	0.0057056	0.012481	0.018365
0.0021168	0.0089376	0.019522	0.029165
0.003686	0.019904	0.042389	0.063399
